2 0.828125 0.375977 0.687012 0.375977 0.687012 0.46093799999999996 0.828125 0.46093799999999996 0.828125 0.375977
2 0.44873 0.34668 0.328613 0.34668 0.328613 0.43457 0.44873 0.43457 0.44873 0.34668
2 0.828125 0.375977 0.687012 0.375977 0.687012 0.46093799999999996 0.828125 0.46093799999999996 0.828125 0.375977
0 0.5537110000000001 0.330078 0.520996 0.330078 0.520996 0.464844 0.5537110000000001 0.464844 0.5537110000000001 0.330078
2 0.901855 0.378906 0.786621 0.378906 0.786621 0.45898399999999995 0.901855 0.45898399999999995 0.901855 0.378906
2 0 0.41239299999999995 0.089619 0.41239299999999995 0.089619 0.331338 0 0.331338 0 0.41239299999999995
0 0.9233399999999999 0.375 0.907227 0.375 0.907227 0.451172 0.9233399999999999 0.451172 0.9233399999999999 0.375
0 0.690918 0.360352 0.677734 0.360352 0.677734 0.441406 0.690918 0.441406 0.690918 0.360352
0 0.991699 0.376953 0.9653320000000001 0.376953 0.9653320000000001 0.482422 0.991699 0.482422 0.991699 0.376953
1 0.998047 0.413086 0.9628909999999999 0.413086 0.9628909999999999 0.48535199999999995 0.998047 0.48535199999999995 0.998047 0.413086
1 0.057129 0.368164 0.024413999999999998 0.368164 0.024413999999999998 0.464844 0.057129 0.464844 0.057129 0.368164
2 0.44873 0.34668 0.328613 0.34668 0.328613 0.43457 0.44873 0.43457 0.44873 0.34668
0 0.5537110000000001 0.330078 0.520996 0.330078 0.520996 0.464844 0.5537110000000001 0.464844 0.5537110000000001 0.330078
2 0.901855 0.378906 0.786621 0.378906 0.786621 0.45898399999999995 0.901855 0.45898399999999995 0.901855 0.378906
0 0.9233399999999999 0.375 0.907227 0.375 0.907227 0.451172 0.9233399999999999 0.451172 0.9233399999999999 0.375
0 0.690918 0.360352 0.677734 0.360352 0.677734 0.441406 0.690918 0.441406 0.690918 0.360352
0 0.991699 0.376953 0.9653320000000001 0.376953 0.9653320000000001 0.482422 0.991699 0.482422 0.991699 0.376953
1 0.998047 0.413086 0.9628909999999999 0.413086 0.9628909999999999 0.48535199999999995 0.998047 0.48535199999999995 0.998047 0.413086
1 0.057129 0.368164 0.024413999999999998 0.368164 0.024413999999999998 0.464844 0.057129 0.464844 0.057129 0.368164