2 0.171875 0.46093799999999996 0.312988 0.46093799999999996 0.312988 0.375977 0.171875 0.375977 0.171875 0.46093799999999996
2 0.5512699999999999 0.43457 0.671387 0.43457 0.671387 0.34668 0.5512699999999999 0.34668 0.5512699999999999 0.43457
2 0.171875 0.46093799999999996 0.312988 0.46093799999999996 0.312988 0.375977 0.171875 0.375977 0.171875 0.46093799999999996
0 0.446289 0.464844 0.47900400000000004 0.464844 0.47900400000000004 0.330078 0.446289 0.330078 0.446289 0.464844
2 0.09814500000000001 0.45898399999999995 0.21337899999999999 0.45898399999999995 0.21337899999999999 0.378906 0.09814500000000001 0.378906 0.09814500000000001 0.45898399999999995
2 1 0.331338 0.9103809999999999 0.331338 0.9103809999999999 0.41239299999999995 1 0.41239299999999995 1 0.331338
0 0.07665999999999999 0.451172 0.09277300000000001 0.451172 0.09277300000000001 0.375 0.07665999999999999 0.375 0.07665999999999999 0.451172
0 0.30908199999999997 0.441406 0.322266 0.441406 0.322266 0.360352 0.30908199999999997 0.360352 0.30908199999999997 0.441406
0 0.008301 0.482422 0.034668 0.482422 0.034668 0.376953 0.008301 0.376953 0.008301 0.482422
1 0.0019529999999999999 0.48535199999999995 0.037108999999999996 0.48535199999999995 0.037108999999999996 0.413086 0.0019529999999999999 0.413086 0.0019529999999999999 0.48535199999999995
1 0.942871 0.464844 0.9755860000000001 0.464844 0.9755860000000001 0.368164 0.942871 0.368164 0.942871 0.464844
2 0.5512699999999999 0.43457 0.671387 0.43457 0.671387 0.34668 0.5512699999999999 0.34668 0.5512699999999999 0.43457
0 0.446289 0.464844 0.47900400000000004 0.464844 0.47900400000000004 0.330078 0.446289 0.330078 0.446289 0.464844
2 0.09814500000000001 0.45898399999999995 0.21337899999999999 0.45898399999999995 0.21337899999999999 0.378906 0.09814500000000001 0.378906 0.09814500000000001 0.45898399999999995
0 0.07665999999999999 0.451172 0.09277300000000001 0.451172 0.09277300000000001 0.375 0.07665999999999999 0.375 0.07665999999999999 0.451172
0 0.30908199999999997 0.441406 0.322266 0.441406 0.322266 0.360352 0.30908199999999997 0.360352 0.30908199999999997 0.441406
0 0.008301 0.482422 0.034668 0.482422 0.034668 0.376953 0.008301 0.376953 0.008301 0.482422
1 0.0019529999999999999 0.48535199999999995 0.037108999999999996 0.48535199999999995 0.037108999999999996 0.413086 0.0019529999999999999 0.413086 0.0019529999999999999 0.48535199999999995
1 0.942871 0.464844 0.9755860000000001 0.464844 0.9755860000000001 0.368164 0.942871 0.368164 0.942871 0.464844