2 0.9711909999999999 0.375977 0.850098 0.375977 0.850098 0.516602 0.9711909999999999 0.516602 0.9711909999999999 0.375977
1 0.7143550000000001 0.390625 0.656738 0.390625 0.656738 0.49023399999999995 0.7143550000000001 0.49023399999999995 0.7143550000000001 0.390625
0 0.584473 0.327148 0.556641 0.327148 0.556641 0.511719 0.584473 0.511719 0.584473 0.327148
0 0.655762 0.365234 0.633301 0.365234 0.633301 0.500977 0.655762 0.500977 0.655762 0.365234
0 0.5493159999999999 0.330078 0.5224610000000001 0.330078 0.5224610000000001 0.46972699999999995 0.5493159999999999 0.46972699999999995 0.5493159999999999 0.330078
0 0.625 0.360352 0.595703 0.360352 0.595703 0.50293 0.625 0.50293 0.625 0.360352
2 1 0.394531 0.976562 0.394531 0.976562 0.488281 1 0.488281 1 0.394531
0 0.018555 0.337891 0.0039059999999999997 0.337891 0.0039059999999999997 0.379883 0.018555 0.379883 0.018555 0.337891
2 0.998047 0.396484 0.9433590000000001 0.396484 0.9433590000000001 0.48925799999999997 0.998047 0.48925799999999997 0.998047 0.396484
1 0.791992 0.390625 0.75 0.390625 0.75 0.487305 0.791992 0.487305 0.791992 0.390625
0 0.598633 0.356445 0.576172 0.356445 0.576172 0.504883 0.598633 0.504883 0.598633 0.356445