2 1 0.42773399999999995 0.9819340000000001 0.42773399999999995 0.9819340000000001 0.577148 1 0.577148 1 0.42773399999999995
2 0.45952099999999996 0.47666000000000003 0.48974599999999996 0.47666000000000003 0.48974599999999996 0.384766 0.45952099999999996 0.384766 0.45952099999999996 0.47666000000000003
2 0.585449 0.49902300000000005 0.663574 0.49902300000000005 0.663574 0.387695 0.585449 0.387695 0.585449 0.49902300000000005
2 0.377441 0.50293 0.45800799999999997 0.50293 0.45800799999999997 0.374023 0.377441 0.374023 0.377441 0.50293
2 0.245605 0.573242 0.40283199999999997 0.573242 0.40283199999999997 0.389648 0.245605 0.389648 0.245605 0.573242
2 0.6494139999999999 0.45214800000000005 0.679199 0.45214800000000005 0.679199 0.399414 0.6494139999999999 0.399414 0.6494139999999999 0.45214800000000005
0 0.07714800000000001 0.65332 0.13671899999999998 0.65332 0.13671899999999998 0.282227 0.07714800000000001 0.282227 0.07714800000000001 0.65332
2 0.8466799999999999 0.563477 0.986328 0.563477 0.986328 0.413086 0.8466799999999999 0.413086 0.8466799999999999 0.563477
2 0.7900389999999999 0.530273 0.860352 0.530273 0.860352 0.424805 0.7900389999999999 0.424805 0.7900389999999999 0.530273
2 0.750488 0.501953 0.828125 0.501953 0.828125 0.391602 0.750488 0.391602 0.750488 0.501953
2 0.722168 0.48535199999999995 0.755859 0.48535199999999995 0.755859 0.41113299999999997 0.722168 0.41113299999999997 0.722168 0.48535199999999995
3 0.506348 0.484375 0.550049 0.484375 0.550049 0.347949 0.506348 0.347949 0.506348 0.484375