1 0.8735350000000001 0.38281200000000004 0.7944340000000001 0.38281200000000004 0.7944340000000001 0.5244139999999999 0.8735350000000001 0.5244139999999999 0.8735350000000001 0.38281200000000004
2 0.7163090000000001 0.322266 0.671387 0.322266 0.671387 0.374023 0.7163090000000001 0.374023 0.7163090000000001 0.322266
1 0.820801 0.394531 0.763672 0.394531 0.763672 0.514648 0.820801 0.514648 0.820801 0.394531
1 0.931152 0.383789 0.839844 0.383789 0.839844 0.545898 0.931152 0.545898 0.931152 0.383789
1 0.9653320000000001 0.40722699999999995 0.8735350000000001 0.40722699999999995 0.8735350000000001 0.554688 0.9653320000000001 0.554688 0.9653320000000001 0.40722699999999995
2 0.583984 0.329102 0.523438 0.329102 0.523438 0.402344 0.583984 0.402344 0.583984 0.329102
2 0.645508 0.324219 0.607422 0.324219 0.607422 0.375 0.645508 0.375 0.645508 0.324219
2 0.764648 0.323242 0.718262 0.323242 0.718262 0.358398 0.764648 0.358398 0.764648 0.323242
2 0.8471679999999999 0.318359 0.791992 0.318359 0.791992 0.399414 0.8471679999999999 0.399414 0.8471679999999999 0.318359
2 0.665527 0.321289 0.6391600000000001 0.321289 0.6391600000000001 0.37207 0.665527 0.37207 0.665527 0.321289
1 0.679199 0.332031 0.661621 0.332031 0.661621 0.43652300000000005 0.679199 0.43652300000000005 0.679199 0.332031
0 0.5021 0.31789999999999996 0.47401400000000005 0.31789999999999996 0.47401400000000005 0.372373 0.5021 0.372373 0.5021 0.31789999999999996
0 0.519971 0.328115 0.502949 0.328115 0.502949 0.365557 0.519971 0.365557 0.519971 0.328115