0 0.851074 0.352539 0.8295899999999999 0.352539 0.8295899999999999 0.47949200000000003 0.851074 0.47949200000000003 0.851074 0.352539
2 0.380371 0.348633 0.22509800000000002 0.348633 0.22509800000000002 0.595703 0.380371 0.595703 0.380371 0.348633
0 0.625488 0.270508 0.5712889999999999 0.270508 0.5712889999999999 0.5849610000000001 0.625488 0.5849610000000001 0.625488 0.270508
0 0.820801 0.272461 0.775391 0.272461 0.775391 0.530273 0.820801 0.530273 0.820801 0.272461
2 0.24511699999999997 0.370117 0.21142599999999998 0.370117 0.21142599999999998 0.504883 0.24511699999999997 0.504883 0.24511699999999997 0.370117
1 1 0.397461 0.929199 0.397461 0.929199 0.605469 1 0.605469 1 0.397461
0 0.683594 0.275391 0.621582 0.275391 0.621582 0.59082 0.683594 0.59082 0.683594 0.275391
0 0.580078 0.288086 0.546875 0.288086 0.546875 0.557617 0.580078 0.557617 0.580078 0.288086
1 0.8413090000000001 0.39843799999999996 0.7612300000000001 0.39843799999999996 0.7612300000000001 0.525391 0.8413090000000001 0.525391 0.8413090000000001 0.39843799999999996
0 0.931152 0.330078 0.9077149999999999 0.330078 0.9077149999999999 0.493164 0.931152 0.493164 0.931152 0.330078
0 0.376953 0.348633 0.360352 0.348633 0.360352 0.425781 0.376953 0.425781 0.376953 0.348633