0 0.251465 0.5712889999999999 0.280273 0.5712889999999999 0.280273 0.298828 0.251465 0.298828 0.251465 0.5712889999999999
0 0.375488 0.521484 0.421875 0.521484 0.421875 0.368164 0.375488 0.368164 0.375488 0.521484
0 0.269531 0.609375 0.317871 0.609375 0.317871 0.274414 0.269531 0.274414 0.269531 0.609375
0 0.460449 0.513672 0.49218799999999996 0.513672 0.49218799999999996 0.352539 0.460449 0.352539 0.460449 0.513672
2 0.7163090000000001 0.47656200000000004 0.7993159999999999 0.47656200000000004 0.7993159999999999 0.40918 0.7163090000000001 0.40918 0.7163090000000001 0.47656200000000004
2 0.8232419999999999 0.493164 0.9150389999999999 0.493164 0.9150389999999999 0.402344 0.8232419999999999 0.402344 0.8232419999999999 0.493164
2 1 0.392578 0.960938 0.392578 0.960938 0.491211 1 0.491211 1 0.392578
0 0 0.5 0.014648 0.5 0.014648 0.338867 0 0.338867 0 0.5
3 0.593262 0.580078 0.700195 0.580078 0.700195 0.399316 0.593262 0.399316 0.593262 0.580078
0 0.791992 0.43164100000000005 0.8037110000000001 0.43164100000000005 0.8037110000000001 0.389648 0.791992 0.389648 0.791992 0.43164100000000005
1 0.22509800000000002 0.5087889999999999 0.26122999999999996 0.5087889999999999 0.26122999999999996 0.41406200000000004 0.22509800000000002 0.41406200000000004 0.22509800000000002 0.5087889999999999