2 0.5610350000000001 0.46093799999999996 0.579102 0.46093799999999996 0.579102 0.380859 0.5610350000000001 0.380859 0.5610350000000001 0.46093799999999996
2 1 0.352539 0.7543949999999999 0.352539 0.7543949999999999 0.701172 1 0.701172 1 0.352539
6 0.641113 0.6005860000000001 0.8471679999999999 0.6005860000000001 0.8471679999999999 0.205957 0.641113 0.205957 0.641113 0.6005860000000001
2 0.9711909999999999 0.813477 0.999512 0.813477 0.999512 0.518555 0.9711909999999999 0.518555 0.9711909999999999 0.813477
2 0.594727 0.47168 0.643555 0.47168 0.643555 0.371094 0.594727 0.371094 0.594727 0.47168
2 0.404297 0.44824200000000003 0.446289 0.44824200000000003 0.446289 0.388672 0.404297 0.388672 0.404297 0.44824200000000003
0 0.5756840000000001 0.491211 0.597656 0.491211 0.597656 0.344727 0.5756840000000001 0.344727 0.5756840000000001 0.491211
2 0.37207 0.459961 0.40722699999999995 0.459961 0.40722699999999995 0.375977 0.37207 0.375977 0.37207 0.459961
0 0.240234 0.44531200000000004 0.263672 0.44531200000000004 0.263672 0.349609 0.240234 0.349609 0.240234 0.44531200000000004
2 0.541504 0.44726600000000005 0.570312 0.44726600000000005 0.570312 0.381836 0.541504 0.381836 0.541504 0.44726600000000005
0 0.194336 0.450195 0.220215 0.450195 0.220215 0.345703 0.194336 0.345703 0.194336 0.450195
0 0.527832 0.43847699999999995 0.5424800000000001 0.43847699999999995 0.5424800000000001 0.365234 0.527832 0.365234 0.527832 0.43847699999999995