2 0.43896499999999994 0.380859 0.42089800000000005 0.380859 0.42089800000000005 0.46093799999999996 0.43896499999999994 0.46093799999999996 0.43896499999999994 0.380859
2 0 0.701172 0.245605 0.701172 0.245605 0.352539 0 0.352539 0 0.701172
6 0.358887 0.205957 0.152832 0.205957 0.152832 0.6005860000000001 0.358887 0.6005860000000001 0.358887 0.205957
2 0.028809 0.518555 0.000488 0.518555 0.000488 0.813477 0.028809 0.813477 0.028809 0.518555
2 0.40527300000000005 0.371094 0.356445 0.371094 0.356445 0.47168 0.40527300000000005 0.47168 0.40527300000000005 0.371094
2 0.595703 0.388672 0.5537110000000001 0.388672 0.5537110000000001 0.44824200000000003 0.595703 0.44824200000000003 0.595703 0.388672
0 0.42431599999999997 0.344727 0.402344 0.344727 0.402344 0.491211 0.42431599999999997 0.491211 0.42431599999999997 0.344727
2 0.62793 0.375977 0.592773 0.375977 0.592773 0.459961 0.62793 0.459961 0.62793 0.375977
0 0.759766 0.349609 0.736328 0.349609 0.736328 0.44531200000000004 0.759766 0.44531200000000004 0.759766 0.349609
2 0.45849599999999996 0.381836 0.42968799999999996 0.381836 0.42968799999999996 0.44726600000000005 0.45849599999999996 0.44726600000000005 0.45849599999999996 0.381836
0 0.8056639999999999 0.345703 0.7797850000000001 0.345703 0.7797850000000001 0.450195 0.8056639999999999 0.450195 0.8056639999999999 0.345703
0 0.47216800000000003 0.365234 0.45752 0.365234 0.45752 0.43847699999999995 0.47216800000000003 0.43847699999999995 0.47216800000000003 0.365234