2 0.41162099999999996 0.354492 0.375488 0.354492 0.375488 0.50293 0.41162099999999996 0.50293 0.41162099999999996 0.354492
2 0.280273 0.339844 0.12304699999999999 0.339844 0.12304699999999999 0.595703 0.280273 0.595703 0.280273 0.339844
0 0.464844 0.30468799999999996 0.40380900000000003 0.30468799999999996 0.40380900000000003 0.591797 0.464844 0.591797 0.464844 0.30468799999999996
2 0.908203 0.366211 0.706055 0.366211 0.706055 0.623047 0.908203 0.623047 0.908203 0.366211
2 0.391602 0.349609 0.269531 0.349609 0.269531 0.543945 0.391602 0.543945 0.391602 0.349609
0 0.777344 0.34668 0.7329100000000001 0.34668 0.7329100000000001 0.638672 0.777344 0.638672 0.777344 0.34668
0 0.493652 0.363281 0.47851600000000005 0.363281 0.47851600000000005 0.457031 0.493652 0.457031 0.493652 0.363281
2 1 0.366211 0.921875 0.366211 0.921875 0.547852 1 0.547852 1 0.366211
2 0.737305 0.375 0.634766 0.375 0.634766 0.5087889999999999 0.737305 0.5087889999999999 0.737305 0.375
0 0.9409179999999999 0.34082 0.8818360000000001 0.34082 0.8818360000000001 0.5537110000000001 0.9409179999999999 0.5537110000000001 0.9409179999999999 0.34082
0 0.46630900000000003 0.369141 0.45214800000000005 0.369141 0.45214800000000005 0.449219 0.46630900000000003 0.449219 0.46630900000000003 0.369141