2 0.588379 0.50293 0.624512 0.50293 0.624512 0.354492 0.588379 0.354492 0.588379 0.50293
2 0.719727 0.595703 0.876953 0.595703 0.876953 0.339844 0.719727 0.339844 0.719727 0.595703
0 0.535156 0.591797 0.5961909999999999 0.591797 0.5961909999999999 0.30468799999999996 0.535156 0.30468799999999996 0.535156 0.591797
2 0.09179699999999999 0.623047 0.293945 0.623047 0.293945 0.366211 0.09179699999999999 0.366211 0.09179699999999999 0.623047
2 0.608398 0.543945 0.730469 0.543945 0.730469 0.349609 0.608398 0.349609 0.608398 0.543945
0 0.22265600000000002 0.638672 0.26709 0.638672 0.26709 0.34668 0.22265600000000002 0.34668 0.22265600000000002 0.638672
0 0.506348 0.457031 0.521484 0.457031 0.521484 0.363281 0.506348 0.363281 0.506348 0.457031
2 0 0.547852 0.078125 0.547852 0.078125 0.366211 0 0.366211 0 0.547852
2 0.262695 0.5087889999999999 0.365234 0.5087889999999999 0.365234 0.375 0.262695 0.375 0.262695 0.5087889999999999
0 0.059082 0.5537110000000001 0.118164 0.5537110000000001 0.118164 0.34082 0.059082 0.34082 0.059082 0.5537110000000001
0 0.5336909999999999 0.449219 0.547852 0.449219 0.547852 0.369141 0.5336909999999999 0.369141 0.5336909999999999 0.449219