0 0.197754 0.46582 0.218262 0.46582 0.218262 0.333984 0.197754 0.333984 0.197754 0.46582
0 0.10400400000000001 0.541016 0.140137 0.541016 0.140137 0.285156 0.10400400000000001 0.285156 0.10400400000000001 0.541016
0 0.378906 0.56543 0.455078 0.56543 0.455078 0.305664 0.378906 0.305664 0.378906 0.56543
0 0.6650389999999999 0.640625 0.718262 0.640625 0.718262 0.276367 0.6650389999999999 0.276367 0.6650389999999999 0.640625
0 0.507812 0.625 0.589844 0.625 0.589844 0.241211 0.507812 0.241211 0.507812 0.625
0 0.075684 0.541992 0.110352 0.541992 0.110352 0.282227 0.075684 0.282227 0.075684 0.541992
0 0.429199 0.581055 0.49414100000000005 0.581055 0.49414100000000005 0.23925800000000003 0.429199 0.23925800000000003 0.429199 0.581055
0 0.256836 0.475586 0.289551 0.475586 0.289551 0.324219 0.256836 0.324219 0.256836 0.475586
0 0.21484399999999998 0.47363299999999997 0.237793 0.47363299999999997 0.237793 0.333984 0.21484399999999998 0.333984 0.21484399999999998 0.47363299999999997
1 0.13281199999999999 0.5068360000000001 0.208984 0.5068360000000001 0.208984 0.388672 0.13281199999999999 0.388672 0.13281199999999999 0.5068360000000001
0 0.8066409999999999 0.49902300000000005 0.827637 0.49902300000000005 0.827637 0.314453 0.8066409999999999 0.314453 0.8066409999999999 0.49902300000000005
0 0.8110350000000001 0.521484 0.844727 0.521484 0.844727 0.32031200000000004 0.8110350000000001 0.32031200000000004 0.8110350000000001 0.521484
0 1 0.33593799999999996 0.973145 0.33593799999999996 0.973145 0.546875 1 0.546875 1 0.33593799999999996
1 0.349121 0.5380860000000001 0.380859 0.5380860000000001 0.380859 0.298047 0.349121 0.298047 0.349121 0.5380860000000001
0 0.505371 0.461914 0.522949 0.461914 0.522949 0.341797 0.505371 0.341797 0.505371 0.461914