0 0.337891 0.650391 0.414551 0.650391 0.414551 0.254883 0.337891 0.254883 0.337891 0.650391
0 0.117188 0.672852 0.233887 0.672852 0.233887 0.261719 0.117188 0.261719 0.117188 0.672852
0 0.6547850000000001 0.761719 0.785156 0.761719 0.785156 0.265625 0.6547850000000001 0.265625 0.6547850000000001 0.761719
0 0.41601600000000005 0.760742 0.563477 0.760742 0.563477 0.251953 0.41601600000000005 0.251953 0.41601600000000005 0.760742
0 0.312012 0.556641 0.349121 0.556641 0.349121 0.333984 0.312012 0.333984 0.312012 0.556641
0 0.192383 0.564453 0.228516 0.564453 0.228516 0.302734 0.192383 0.302734 0.192383 0.564453
0 0.743652 0.726562 0.796875 0.726562 0.796875 0.22363300000000003 0.743652 0.22363300000000003 0.743652 0.726562
0 0.618652 0.532227 0.6474610000000001 0.532227 0.6474610000000001 0.361328 0.618652 0.361328 0.618652 0.532227
0 0.243164 0.487305 0.271973 0.487305 0.271973 0.341797 0.243164 0.341797 0.243164 0.487305
0 0.5014649999999999 0.582031 0.555176 0.582031 0.555176 0.348633 0.5014649999999999 0.348633 0.5014649999999999 0.582031
0 0.5336909999999999 0.591797 0.570801 0.591797 0.570801 0.331055 0.5336909999999999 0.331055 0.5336909999999999 0.591797
1 0.041992 0.585938 0.14501999999999998 0.585938 0.14501999999999998 0.42089800000000005 0.041992 0.42089800000000005 0.041992 0.585938
1 0.0039059999999999997 0.582031 0.067871 0.582031 0.067871 0.40918 0.0039059999999999997 0.40918 0.0039059999999999997 0.582031
0 0.380859 0.737305 0.459473 0.737305 0.459473 0.258789 0.380859 0.258789 0.380859 0.737305
0 0.223145 0.486328 0.24169900000000002 0.486328 0.24169900000000002 0.348633 0.223145 0.348633 0.223145 0.486328