0 0.796875 0.5068360000000001 0.8193360000000001 0.5068360000000001 0.8193360000000001 0.386719 0.796875 0.386719 0.796875 0.5068360000000001
1 0.117188 0.45410199999999995 0.14355500000000002 0.45410199999999995 0.14355500000000002 0.392578 0.117188 0.392578 0.117188 0.45410199999999995
0 0.5288090000000001 0.484375 0.5493159999999999 0.484375 0.5493159999999999 0.373047 0.5288090000000001 0.373047 0.5288090000000001 0.484375
1 0.695801 0.754883 0.8139649999999999 0.754883 0.8139649999999999 0.43457 0.695801 0.43457 0.695801 0.754883
0 0.250977 0.597656 0.313477 0.597656 0.313477 0.293945 0.250977 0.293945 0.250977 0.597656
0 0.036621 0.578125 0.101562 0.578125 0.101562 0.301758 0.036621 0.301758 0.036621 0.578125
0 0.336426 0.599609 0.404297 0.599609 0.404297 0.31543 0.336426 0.31543 0.336426 0.599609
0 0.14843800000000001 0.551758 0.194824 0.551758 0.194824 0.326172 0.14843800000000001 0.326172 0.14843800000000001 0.551758
0 0.214355 0.5537110000000001 0.255371 0.5537110000000001 0.255371 0.333984 0.214355 0.333984 0.214355 0.5537110000000001
0 0.47363299999999997 0.557617 0.5180659999999999 0.557617 0.5180659999999999 0.310547 0.47363299999999997 0.310547 0.47363299999999997 0.557617
0 0.43457 0.552734 0.484863 0.552734 0.484863 0.332031 0.43457 0.332031 0.43457 0.552734
0 0.59375 0.5400389999999999 0.6381840000000001 0.5400389999999999 0.6381840000000001 0.338867 0.59375 0.338867 0.59375 0.5400389999999999
0 0.655273 0.556641 0.695312 0.556641 0.695312 0.380859 0.655273 0.380859 0.655273 0.556641
0 0.69043 0.556641 0.734863 0.556641 0.734863 0.362305 0.69043 0.362305 0.69043 0.556641
0 0.41699200000000003 0.546875 0.44531200000000004 0.546875 0.44531200000000004 0.336914 0.41699200000000003 0.336914 0.41699200000000003 0.546875
0 0 0.518555 0.025391000000000004 0.518555 0.025391000000000004 0.296875 0 0.296875 0 0.518555
2 0.29247999999999996 0.435547 0.323242 0.435547 0.323242 0.38281200000000004 0.29247999999999996 0.38281200000000004 0.29247999999999996 0.435547
0 0.860352 0.512695 0.881348 0.512695 0.881348 0.392578 0.860352 0.392578 0.860352 0.512695
0 0.025391000000000004 0.46093799999999996 0.05127 0.46093799999999996 0.05127 0.330078 0.025391000000000004 0.330078 0.025391000000000004 0.46093799999999996