1 0.266602 0.46777300000000005 0.314941 0.46777300000000005 0.314941 0.399414 0.266602 0.399414 0.266602 0.46777300000000005
2 0.478027 0.48535199999999995 0.5483399999999999 0.48535199999999995 0.5483399999999999 0.365234 0.478027 0.365234 0.478027 0.48535199999999995
0 0.201172 0.515625 0.234375 0.515625 0.234375 0.311523 0.201172 0.311523 0.201172 0.515625
0 0.165527 0.517578 0.195801 0.517578 0.195801 0.333984 0.165527 0.333984 0.165527 0.517578
1 0.417349 0.501953 0.437612 0.501953 0.437612 0.351855 0.417349 0.351855 0.417349 0.501953
2 0.540527 0.4375 0.5693360000000001 0.4375 0.5693360000000001 0.380859 0.540527 0.380859 0.540527 0.4375
0 0.6049800000000001 0.44726600000000005 0.617676 0.44726600000000005 0.617676 0.369141 0.6049800000000001 0.369141 0.6049800000000001 0.44726600000000005
0 0.277344 0.46093799999999996 0.291992 0.46093799999999996 0.291992 0.373047 0.277344 0.373047 0.277344 0.46093799999999996
2 0.7641600000000001 0.449219 0.7827149999999999 0.449219 0.7827149999999999 0.387695 0.7641600000000001 0.387695 0.7641600000000001 0.449219
1 0.370117 0.49707 0.39209 0.49707 0.39209 0.357812 0.370117 0.357812 0.370117 0.49707
2 0.6694340000000001 0.4375 0.72168 0.4375 0.72168 0.392578 0.6694340000000001 0.392578 0.6694340000000001 0.4375
2 0.560547 0.44043 0.6025389999999999 0.44043 0.6025389999999999 0.384766 0.560547 0.384766 0.560547 0.44043