1 0.733398 0.399414 0.6850590000000001 0.399414 0.6850590000000001 0.46777300000000005 0.733398 0.46777300000000005 0.733398 0.399414
2 0.521973 0.365234 0.45166000000000006 0.365234 0.45166000000000006 0.48535199999999995 0.521973 0.48535199999999995 0.521973 0.365234
0 0.798828 0.311523 0.765625 0.311523 0.765625 0.515625 0.798828 0.515625 0.798828 0.311523
0 0.834473 0.333984 0.804199 0.333984 0.804199 0.517578 0.834473 0.517578 0.834473 0.333984
1 0.582651 0.351855 0.562388 0.351855 0.562388 0.501953 0.582651 0.501953 0.582651 0.351855
2 0.459473 0.380859 0.430664 0.380859 0.430664 0.4375 0.459473 0.4375 0.459473 0.380859
0 0.39502000000000004 0.369141 0.382324 0.369141 0.382324 0.44726600000000005 0.39502000000000004 0.44726600000000005 0.39502000000000004 0.369141
0 0.722656 0.373047 0.708008 0.373047 0.708008 0.46093799999999996 0.722656 0.46093799999999996 0.722656 0.373047
2 0.23584 0.387695 0.217285 0.387695 0.217285 0.449219 0.23584 0.449219 0.23584 0.387695
1 0.629883 0.357812 0.6079100000000001 0.357812 0.6079100000000001 0.49707 0.629883 0.49707 0.629883 0.357812
2 0.330566 0.392578 0.27832 0.392578 0.27832 0.4375 0.330566 0.4375 0.330566 0.392578
2 0.439453 0.384766 0.397461 0.384766 0.397461 0.44043 0.439453 0.44043 0.439453 0.384766