0 0.6787110000000001 0.513672 0.7119139999999999 0.513672 0.7119139999999999 0.358398 0.6787110000000001 0.358398 0.6787110000000001 0.513672
0 0.389648 0.645508 0.449219 0.645508 0.449219 0.266602 0.389648 0.266602 0.389648 0.645508
0 0.521484 0.650391 0.583984 0.650391 0.583984 0.302734 0.521484 0.302734 0.521484 0.650391
1 0.171387 0.6474610000000001 0.249512 0.6474610000000001 0.249512 0.450195 0.171387 0.450195 0.171387 0.6474610000000001
0 0.240234 0.594727 0.285156 0.594727 0.285156 0.331055 0.240234 0.331055 0.240234 0.594727
0 0.173828 0.59668 0.243164 0.59668 0.243164 0.339844 0.173828 0.339844 0.173828 0.59668
0 0.882324 0.53418 0.912598 0.53418 0.912598 0.365234 0.882324 0.365234 0.882324 0.53418
0 0.32959 0.670898 0.39209 0.670898 0.39209 0.288086 0.32959 0.288086 0.32959 0.670898
1 0.000488 0.735352 0.11230500000000002 0.735352 0.11230500000000002 0.135352 0.000488 0.135352 0.000488 0.735352
0 0.579102 0.65625 0.6450199999999999 0.65625 0.6450199999999999 0.327148 0.579102 0.327148 0.579102 0.65625
0 0.44287099999999996 0.645508 0.48877 0.645508 0.48877 0.375 0.44287099999999996 0.375 0.44287099999999996 0.645508
0 0.7543949999999999 0.5244139999999999 0.789551 0.5244139999999999 0.789551 0.365234 0.7543949999999999 0.365234 0.7543949999999999 0.5244139999999999
0 0.8212889999999999 0.52832 0.84375 0.52832 0.84375 0.404297 0.8212889999999999 0.404297 0.8212889999999999 0.52832
0 0.30029300000000003 0.664062 0.346191 0.664062 0.346191 0.344727 0.30029300000000003 0.344727 0.30029300000000003 0.664062
0 0.22949199999999997 0.41113299999999997 0.261719 0.41113299999999997 0.261719 0.300781 0.22949199999999997 0.300781 0.22949199999999997 0.41113299999999997