2 0.714844 0.365234 0.6108399999999999 0.365234 0.6108399999999999 0.5068360000000001 0.714844 0.5068360000000001 0.714844 0.365234
2 0.48291000000000006 0.387695 0.45752 0.387695 0.45752 0.43164100000000005 0.48291000000000006 0.43164100000000005 0.48291000000000006 0.387695
0 0.08984400000000001 0.328125 0.070312 0.328125 0.070312 0.451172 0.08984400000000001 0.451172 0.08984400000000001 0.328125
0 0.205566 0.344727 0.189453 0.344727 0.189453 0.439453 0.205566 0.439453 0.205566 0.344727
0 0 0.44531200000000004 0.016113 0.44531200000000004 0.016113 0.33593799999999996 0 0.33593799999999996 0 0.44531200000000004
0 0.052246 0.336914 0.032227 0.336914 0.032227 0.450195 0.052246 0.450195 0.052246 0.336914
0 0.071289 0.330078 0.049805 0.330078 0.049805 0.44531200000000004 0.071289 0.44531200000000004 0.071289 0.330078
0 0.249023 0.34375 0.227539 0.34375 0.227539 0.44531200000000004 0.249023 0.44531200000000004 0.249023 0.34375
2 0.714844 0.365234 0.6108399999999999 0.365234 0.6108399999999999 0.5068360000000001 0.714844 0.5068360000000001 0.714844 0.365234
2 0.48291000000000006 0.387695 0.45752 0.387695 0.45752 0.43164100000000005 0.48291000000000006 0.43164100000000005 0.48291000000000006 0.387695
0 0.08984400000000001 0.328125 0.070312 0.328125 0.070312 0.451172 0.08984400000000001 0.451172 0.08984400000000001 0.328125
0 0.205566 0.344727 0.189453 0.344727 0.189453 0.439453 0.205566 0.439453 0.205566 0.344727
0 0 0.44531200000000004 0.016113 0.44531200000000004 0.016113 0.33593799999999996 0 0.33593799999999996 0 0.44531200000000004
0 0.052246 0.336914 0.032227 0.336914 0.032227 0.450195 0.052246 0.450195 0.052246 0.336914
0 0.071289 0.330078 0.049805 0.330078 0.049805 0.44531200000000004 0.071289 0.44531200000000004 0.071289 0.330078
0 0.249023 0.34375 0.227539 0.34375 0.227539 0.44531200000000004 0.249023 0.44531200000000004 0.249023 0.34375
2 0.714844 0.365234 0.6108399999999999 0.365234 0.6108399999999999 0.5068360000000001 0.714844 0.5068360000000001 0.714844 0.365234
2 0.48291000000000006 0.387695 0.45752 0.387695 0.45752 0.43164100000000005 0.48291000000000006 0.43164100000000005 0.48291000000000006 0.387695
0 0.08984400000000001 0.328125 0.070312 0.328125 0.070312 0.451172 0.08984400000000001 0.451172 0.08984400000000001 0.328125
0 0.205566 0.344727 0.189453 0.344727 0.189453 0.439453 0.205566 0.439453 0.205566 0.344727
0 0 0.44531200000000004 0.016113 0.44531200000000004 0.016113 0.33593799999999996 0 0.33593799999999996 0 0.44531200000000004
0 0.052246 0.336914 0.032227 0.336914 0.032227 0.450195 0.052246 0.450195 0.052246 0.336914
0 0.071289 0.330078 0.049805 0.330078 0.049805 0.44531200000000004 0.071289 0.44531200000000004 0.071289 0.330078
0 0.249023 0.34375 0.227539 0.34375 0.227539 0.44531200000000004 0.249023 0.44531200000000004 0.249023 0.34375
0 0.326782 0.34513699999999997 0.307207 0.34513699999999997 0.307207 0.469395 0.326782 0.469395 0.326782 0.34513699999999997