2 0.285156 0.5068360000000001 0.38916 0.5068360000000001 0.38916 0.365234 0.285156 0.365234 0.285156 0.5068360000000001
2 0.5170899999999999 0.43164100000000005 0.5424800000000001 0.43164100000000005 0.5424800000000001 0.387695 0.5170899999999999 0.387695 0.5170899999999999 0.43164100000000005
0 0.910156 0.451172 0.929688 0.451172 0.929688 0.328125 0.910156 0.328125 0.910156 0.451172
0 0.7944340000000001 0.439453 0.810547 0.439453 0.810547 0.344727 0.7944340000000001 0.344727 0.7944340000000001 0.439453
0 1 0.33593799999999996 0.983887 0.33593799999999996 0.983887 0.44531200000000004 1 0.44531200000000004 1 0.33593799999999996
0 0.947754 0.450195 0.967773 0.450195 0.967773 0.336914 0.947754 0.336914 0.947754 0.450195
0 0.9287110000000001 0.44531200000000004 0.9501950000000001 0.44531200000000004 0.9501950000000001 0.330078 0.9287110000000001 0.330078 0.9287110000000001 0.44531200000000004
0 0.750977 0.44531200000000004 0.7724610000000001 0.44531200000000004 0.7724610000000001 0.34375 0.750977 0.34375 0.750977 0.44531200000000004
2 0.285156 0.5068360000000001 0.38916 0.5068360000000001 0.38916 0.365234 0.285156 0.365234 0.285156 0.5068360000000001
2 0.5170899999999999 0.43164100000000005 0.5424800000000001 0.43164100000000005 0.5424800000000001 0.387695 0.5170899999999999 0.387695 0.5170899999999999 0.43164100000000005
0 0.910156 0.451172 0.929688 0.451172 0.929688 0.328125 0.910156 0.328125 0.910156 0.451172
0 0.7944340000000001 0.439453 0.810547 0.439453 0.810547 0.344727 0.7944340000000001 0.344727 0.7944340000000001 0.439453
0 1 0.33593799999999996 0.983887 0.33593799999999996 0.983887 0.44531200000000004 1 0.44531200000000004 1 0.33593799999999996
0 0.947754 0.450195 0.967773 0.450195 0.967773 0.336914 0.947754 0.336914 0.947754 0.450195
0 0.9287110000000001 0.44531200000000004 0.9501950000000001 0.44531200000000004 0.9501950000000001 0.330078 0.9287110000000001 0.330078 0.9287110000000001 0.44531200000000004
0 0.750977 0.44531200000000004 0.7724610000000001 0.44531200000000004 0.7724610000000001 0.34375 0.750977 0.34375 0.750977 0.44531200000000004
2 0.285156 0.5068360000000001 0.38916 0.5068360000000001 0.38916 0.365234 0.285156 0.365234 0.285156 0.5068360000000001
2 0.5170899999999999 0.43164100000000005 0.5424800000000001 0.43164100000000005 0.5424800000000001 0.387695 0.5170899999999999 0.387695 0.5170899999999999 0.43164100000000005
0 0.910156 0.451172 0.929688 0.451172 0.929688 0.328125 0.910156 0.328125 0.910156 0.451172
0 0.7944340000000001 0.439453 0.810547 0.439453 0.810547 0.344727 0.7944340000000001 0.344727 0.7944340000000001 0.439453
0 1 0.33593799999999996 0.983887 0.33593799999999996 0.983887 0.44531200000000004 1 0.44531200000000004 1 0.33593799999999996
0 0.947754 0.450195 0.967773 0.450195 0.967773 0.336914 0.947754 0.336914 0.947754 0.450195
0 0.9287110000000001 0.44531200000000004 0.9501950000000001 0.44531200000000004 0.9501950000000001 0.330078 0.9287110000000001 0.330078 0.9287110000000001 0.44531200000000004
0 0.750977 0.44531200000000004 0.7724610000000001 0.44531200000000004 0.7724610000000001 0.34375 0.750977 0.34375 0.750977 0.44531200000000004
0 0.673218 0.469395 0.692793 0.469395 0.692793 0.34513699999999997 0.673218 0.34513699999999997 0.673218 0.469395