2 0.492676 0.46582 0.546875 0.46582 0.546875 0.383789 0.492676 0.383789 0.492676 0.46582
4 0.568848 0.4375 0.6069340000000001 0.4375 0.6069340000000001 0.353516 0.568848 0.353516 0.568848 0.4375
2 0.374512 0.455078 0.443848 0.455078 0.443848 0.357422 0.374512 0.357422 0.374512 0.455078
0 0.311523 0.503906 0.341797 0.503906 0.341797 0.308594 0.311523 0.308594 0.311523 0.503906
0 0.065918 0.45214800000000005 0.088379 0.45214800000000005 0.088379 0.303711 0.065918 0.303711 0.065918 0.45214800000000005
0 0.182617 0.46582 0.21337899999999999 0.46582 0.21337899999999999 0.30957 0.182617 0.30957 0.182617 0.46582
2 0.670898 0.46386700000000003 0.699219 0.46386700000000003 0.699219 0.40527300000000005 0.670898 0.40527300000000005 0.670898 0.46386700000000003
0 0.28466800000000003 0.46289100000000005 0.32031200000000004 0.46289100000000005 0.32031200000000004 0.307617 0.28466800000000003 0.307617 0.28466800000000003 0.46289100000000005
2 0.646973 0.455078 0.675781 0.455078 0.675781 0.39843799999999996 0.646973 0.39843799999999996 0.646973 0.455078
2 0.6875 0.466797 0.7055659999999999 0.466797 0.7055659999999999 0.40722699999999995 0.6875 0.40722699999999995 0.6875 0.466797
2 0.703613 0.47949200000000003 0.768555 0.47949200000000003 0.768555 0.383789 0.703613 0.383789 0.703613 0.47949200000000003
1 0.266602 0.501953 0.371094 0.501953 0.371094 0.395508 0.266602 0.395508 0.266602 0.501953