0 0.865723 0.321289 0.8378909999999999 0.321289 0.8378909999999999 0.48925799999999997 0.865723 0.48925799999999997 0.865723 0.321289
2 0.9672850000000001 0.375 0.859863 0.375 0.859863 0.44726600000000005 0.9672850000000001 0.44726600000000005 0.9672850000000001 0.375
0 0.828613 0.332031 0.8076169999999999 0.332031 0.8076169999999999 0.49218799999999996 0.828613 0.49218799999999996 0.828613 0.332031
0 0.746094 0.354492 0.7255860000000001 0.354492 0.7255860000000001 0.451172 0.746094 0.451172 0.746094 0.354492
5 0.488281 0.298828 0.019042999999999997 0.298828 0.019042999999999997 0.46289100000000005 0.488281 0.46289100000000005 0.488281 0.298828
2 0.567871 0.40918 0.5424800000000001 0.40918 0.5424800000000001 0.44043 0.567871 0.44043 0.567871 0.40918
0 0.764648 0.361328 0.748047 0.361328 0.748047 0.455078 0.764648 0.455078 0.764648 0.361328
2 0.722168 0.384766 0.667969 0.384766 0.667969 0.44043 0.722168 0.44043 0.722168 0.384766
0 0.865723 0.321289 0.8378909999999999 0.321289 0.8378909999999999 0.48925799999999997 0.865723 0.48925799999999997 0.865723 0.321289
2 0.9672850000000001 0.375 0.859863 0.375 0.859863 0.44726600000000005 0.9672850000000001 0.44726600000000005 0.9672850000000001 0.375
0 0.828613 0.332031 0.8076169999999999 0.332031 0.8076169999999999 0.49218799999999996 0.828613 0.49218799999999996 0.828613 0.332031
0 0.746094 0.354492 0.7255860000000001 0.354492 0.7255860000000001 0.451172 0.746094 0.451172 0.746094 0.354492
5 0.488281 0.298828 0.019042999999999997 0.298828 0.019042999999999997 0.46289100000000005 0.488281 0.46289100000000005 0.488281 0.298828
2 0.567871 0.40918 0.5424800000000001 0.40918 0.5424800000000001 0.44043 0.567871 0.44043 0.567871 0.40918
0 0.764648 0.361328 0.748047 0.361328 0.748047 0.455078 0.764648 0.455078 0.764648 0.361328
2 0.722168 0.384766 0.667969 0.384766 0.667969 0.44043 0.722168 0.44043 0.722168 0.384766
1 0.676567 0.392793 0.637417 0.392793 0.637417 0.486416 0.676567 0.486416 0.676567 0.392793
0 0.521675 0.37577099999999997 0.508057 0.37577099999999997 0.508057 0.445557 0.521675 0.445557 0.521675 0.37577099999999997
0 0.528481 0.384287 0.517417 0.384287 0.517417 0.448965 0.528481 0.448965 0.528481 0.384287
2 0.534438 0.404707 0.518271 0.404707 0.518271 0.448965 0.534438 0.448965 0.534438 0.404707
1 0.7097610000000001 0.41151400000000005 0.652739 0.41151400000000005 0.652739 0.4796 0.7097610000000001 0.4796 0.7097610000000001 0.41151400000000005