0 0.134277 0.48925799999999997 0.162109 0.48925799999999997 0.162109 0.321289 0.134277 0.321289 0.134277 0.48925799999999997
2 0.032715 0.44726600000000005 0.140137 0.44726600000000005 0.140137 0.375 0.032715 0.375 0.032715 0.44726600000000005
0 0.171387 0.49218799999999996 0.192383 0.49218799999999996 0.192383 0.332031 0.171387 0.332031 0.171387 0.49218799999999996
0 0.253906 0.451172 0.274414 0.451172 0.274414 0.354492 0.253906 0.354492 0.253906 0.451172
5 0.511719 0.46289100000000005 0.9809570000000001 0.46289100000000005 0.9809570000000001 0.298828 0.511719 0.298828 0.511719 0.46289100000000005
2 0.43212900000000004 0.44043 0.45752 0.44043 0.45752 0.40918 0.43212900000000004 0.40918 0.43212900000000004 0.44043
0 0.235352 0.455078 0.251953 0.455078 0.251953 0.361328 0.235352 0.361328 0.235352 0.455078
2 0.27783199999999997 0.44043 0.332031 0.44043 0.332031 0.384766 0.27783199999999997 0.384766 0.27783199999999997 0.44043
0 0.134277 0.48925799999999997 0.162109 0.48925799999999997 0.162109 0.321289 0.134277 0.321289 0.134277 0.48925799999999997
2 0.032715 0.44726600000000005 0.140137 0.44726600000000005 0.140137 0.375 0.032715 0.375 0.032715 0.44726600000000005
0 0.171387 0.49218799999999996 0.192383 0.49218799999999996 0.192383 0.332031 0.171387 0.332031 0.171387 0.49218799999999996
0 0.253906 0.451172 0.274414 0.451172 0.274414 0.354492 0.253906 0.354492 0.253906 0.451172
5 0.511719 0.46289100000000005 0.9809570000000001 0.46289100000000005 0.9809570000000001 0.298828 0.511719 0.298828 0.511719 0.46289100000000005
2 0.43212900000000004 0.44043 0.45752 0.44043 0.45752 0.40918 0.43212900000000004 0.40918 0.43212900000000004 0.44043
0 0.235352 0.455078 0.251953 0.455078 0.251953 0.361328 0.235352 0.361328 0.235352 0.455078
2 0.27783199999999997 0.44043 0.332031 0.44043 0.332031 0.384766 0.27783199999999997 0.384766 0.27783199999999997 0.44043
1 0.32343299999999997 0.486416 0.362583 0.486416 0.362583 0.392793 0.32343299999999997 0.392793 0.32343299999999997 0.486416
0 0.478325 0.445557 0.491943 0.445557 0.491943 0.37577099999999997 0.478325 0.37577099999999997 0.478325 0.445557
0 0.47151899999999997 0.448965 0.482583 0.448965 0.482583 0.384287 0.47151899999999997 0.384287 0.47151899999999997 0.448965
2 0.465562 0.448965 0.48172899999999996 0.448965 0.48172899999999996 0.404707 0.465562 0.404707 0.465562 0.448965
1 0.290239 0.4796 0.347261 0.4796 0.347261 0.41151400000000005 0.290239 0.41151400000000005 0.290239 0.4796