2 0.524902 0.36718799999999996 0.49853500000000006 0.36718799999999996 0.49853500000000006 0.415039 0.524902 0.415039 0.524902 0.36718799999999996
2 0.892578 0.308594 0.710938 0.308594 0.710938 0.550781 0.892578 0.550781 0.892578 0.308594
2 0.202148 0.375977 0.049805 0.375977 0.049805 0.5625 0.202148 0.5625 0.202148 0.375977
2 0.271973 0.37793 0.179199 0.37793 0.179199 0.514648 0.271973 0.514648 0.271973 0.37793
2 0.06884799999999999 0.37793 0.000488 0.37793 0.000488 0.589844 0.06884799999999999 0.589844 0.06884799999999999 0.37793
2 0.7143550000000001 0.34375 0.633301 0.34375 0.633301 0.48925799999999997 0.7143550000000001 0.48925799999999997 0.7143550000000001 0.34375
2 0.734863 0.349609 0.68457 0.349609 0.68457 0.510742 0.734863 0.510742 0.734863 0.349609
2 0.314453 0.364258 0.245605 0.364258 0.245605 0.486328 0.314453 0.486328 0.314453 0.364258
2 0.6381840000000001 0.355469 0.5893550000000001 0.355469 0.5893550000000001 0.43164100000000005 0.6381840000000001 0.43164100000000005 0.6381840000000001 0.355469
2 0.391113 0.368164 0.34375 0.368164 0.34375 0.446289 0.391113 0.446289 0.391113 0.368164
2 0.41162099999999996 0.371094 0.383301 0.371094 0.383301 0.44043 0.41162099999999996 0.44043 0.41162099999999996 0.371094
2 0.43994099999999997 0.375977 0.408203 0.375977 0.408203 0.43164100000000005 0.43994099999999997 0.43164100000000005 0.43994099999999997 0.375977
1 0.334131 0.319492 0.306416 0.319492 0.306416 0.514902 0.334131 0.514902 0.334131 0.319492
2 0.501953 0.37207 0.48095699999999997 0.37207 0.48095699999999997 0.408203 0.501953 0.408203 0.501953 0.37207
4 0.574707 0.336914 0.5327149999999999 0.336914 0.5327149999999999 0.42089800000000005 0.574707 0.42089800000000005 0.574707 0.336914
0 0.537109 0.350586 0.522949 0.350586 0.522949 0.41699200000000003 0.537109 0.41699200000000003 0.537109 0.350586