2 0.0063479999999999995 0.666016 0.260742 0.666016 0.260742 0.348633 0.0063479999999999995 0.348633 0.0063479999999999995 0.666016
2 0.677734 0.472656 0.711426 0.472656 0.711426 0.391602 0.677734 0.391602 0.677734 0.472656
2 0.000488 0.764648 0.08740200000000001 0.764648 0.08740200000000001 0.44824200000000003 0.000488 0.44824200000000003 0.000488 0.764648
2 0.546387 0.43847699999999995 0.59375 0.43847699999999995 0.59375 0.388672 0.546387 0.388672 0.546387 0.43847699999999995
2 0.6586909999999999 0.46386700000000003 0.689453 0.46386700000000003 0.689453 0.390625 0.6586909999999999 0.390625 0.6586909999999999 0.46386700000000003
0 0.058105 0.354492 0.086426 0.354492 0.086426 0.295898 0.058105 0.295898 0.058105 0.354492
4 0.252441 0.518555 0.394531 0.518555 0.394531 0.233398 0.252441 0.233398 0.252441 0.518555
0 0.075684 0.352539 0.10351600000000001 0.352539 0.10351600000000001 0.283203 0.075684 0.283203 0.075684 0.352539
2 0.645996 0.45800799999999997 0.6733399999999999 0.45800799999999997 0.6733399999999999 0.390625 0.645996 0.390625 0.645996 0.45800799999999997
2 0.386719 0.47460899999999995 0.413574 0.47460899999999995 0.413574 0.35156200000000004 0.386719 0.35156200000000004 0.386719 0.47460899999999995
2 1 0.49414100000000005 0.9829100000000001 0.49414100000000005 0.9829100000000001 0.5869139999999999 1 0.5869139999999999 1 0.49414100000000005
2 0.40478500000000006 0.457031 0.423828 0.457031 0.423828 0.370117 0.40478500000000006 0.370117 0.40478500000000006 0.457031
0 0.196289 0.366211 0.221191 0.366211 0.221191 0.317383 0.196289 0.317383 0.196289 0.366211
2 0.7045899999999999 0.48925799999999997 0.768555 0.48925799999999997 0.768555 0.376953 0.7045899999999999 0.376953 0.7045899999999999 0.48925799999999997
0 0.11865200000000001 0.352539 0.140625 0.352539 0.140625 0.28418 0.11865200000000001 0.28418 0.11865200000000001 0.352539
2 0.19921899999999998 0.5693360000000001 0.334961 0.5693360000000001 0.334961 0.362305 0.19921899999999998 0.362305 0.19921899999999998 0.5693360000000001
2 0.42333999999999994 0.541992 0.545898 0.541992 0.545898 0.33593799999999996 0.42333999999999994 0.33593799999999996 0.42333999999999994 0.541992
2 0.8330080000000001 0.547852 0.984375 0.547852 0.984375 0.396484 0.8330080000000001 0.396484 0.8330080000000001 0.547852
2 0.759766 0.512695 0.857422 0.512695 0.857422 0.370117 0.759766 0.370117 0.759766 0.512695