0 0.699707 0.352539 0.729492 0.352539 0.729492 0.271484 0.699707 0.271484 0.699707 0.352539
2 0.42724599999999996 0.511719 0.5224610000000001 0.511719 0.5224610000000001 0.368164 0.42724599999999996 0.368164 0.42724599999999996 0.511719
1 0.624512 0.55957 0.734375 0.55957 0.734375 0.396484 0.624512 0.396484 0.624512 0.55957
0 0.116699 0.509766 0.154297 0.509766 0.154297 0.297852 0.116699 0.297852 0.116699 0.509766
0 0.5981449999999999 0.529297 0.636719 0.529297 0.636719 0.319336 0.5981449999999999 0.319336 0.5981449999999999 0.529297
2 0.393066 0.453125 0.453613 0.453125 0.453613 0.371094 0.393066 0.371094 0.393066 0.453125
0 0.658203 0.551758 0.703125 0.551758 0.703125 0.262695 0.658203 0.262695 0.658203 0.551758
0 0.704102 0.425781 0.729492 0.425781 0.729492 0.30468799999999996 0.704102 0.30468799999999996 0.704102 0.425781
0 0.723511 0.35331999999999997 0.747402 0.35331999999999997 0.747402 0.278232 0.723511 0.278232 0.723511 0.35331999999999997
0 0.743135 0.31749 0.761904 0.31749 0.761904 0.279941 0.743135 0.279941 0.743135 0.31749
0 0.192793 0.48301800000000006 0.213271 0.48301800000000006 0.213271 0.312363 0.192793 0.312363 0.192793 0.48301800000000006
5 0.550303 0.421582 0.62624 0.421582 0.62624 0.291885 0.550303 0.291885 0.550303 0.421582