2 0.610352 0.37207 0.575195 0.37207 0.575195 0.466797 0.610352 0.466797 0.610352 0.37207
2 0.478027 0.368164 0.428711 0.368164 0.428711 0.451172 0.478027 0.451172 0.478027 0.368164
0 0.842773 0.297852 0.814453 0.297852 0.814453 0.46386700000000003 0.842773 0.46386700000000003 0.842773 0.297852
2 0.493652 0.378906 0.470703 0.378906 0.470703 0.435547 0.493652 0.435547 0.493652 0.378906
2 0.43164100000000005 0.38281200000000004 0.40869099999999997 0.38281200000000004 0.40869099999999997 0.417969 0.43164100000000005 0.417969 0.43164100000000005 0.38281200000000004
2 0.35497999999999996 0.390625 0.31543 0.390625 0.31543 0.441406 0.35497999999999996 0.441406 0.35497999999999996 0.390625
2 0.522949 0.375 0.5 0.375 0.5 0.41406200000000004 0.522949 0.41406200000000004 0.522949 0.375
2 0.555176 0.373047 0.529297 0.373047 0.529297 0.41406200000000004 0.555176 0.41406200000000004 0.555176 0.373047
3 0.696777 0.388672 0.625 0.388672 0.625 0.487305 0.696777 0.487305 0.696777 0.388672
2 0.6586909999999999 0.364258 0.59668 0.364258 0.59668 0.482422 0.6586909999999999 0.482422 0.6586909999999999 0.364258
2 0.9423830000000001 0.349609 0.860352 0.349609 0.860352 0.446289 0.9423830000000001 0.446289 0.9423830000000001 0.349609
2 0.503906 0.375977 0.48535199999999995 0.375977 0.48535199999999995 0.419922 0.503906 0.419922 0.503906 0.375977
1 0.133145 0.40622100000000005 0.091338 0.40622100000000005 0.091338 0.49667000000000006 0.133145 0.49667000000000006 0.133145 0.40622100000000005
1 0.174951 0.401104 0.128882 0.401104 0.128882 0.48985399999999996 0.174951 0.48985399999999996 0.174951 0.401104
1 0.19458 0.399395 0.16642099999999999 0.399395 0.16642099999999999 0.489844 0.19458 0.489844 0.19458 0.399395
1 0.23297400000000001 0.375508 0.20566900000000002 0.375508 0.20566900000000002 0.47789099999999995 0.23297400000000001 0.47789099999999995 0.23297400000000001 0.375508
1 0.252598 0.38916 0.22358899999999998 0.38916 0.22358899999999998 0.471064 0.252598 0.471064 0.252598 0.38916
1 0.314033 0.390869 0.27393100000000004 0.390869 0.27393100000000004 0.452295 0.314033 0.452295 0.314033 0.390869