2 0.389648 0.466797 0.424805 0.466797 0.424805 0.37207 0.389648 0.37207 0.389648 0.466797
2 0.521973 0.451172 0.5712889999999999 0.451172 0.5712889999999999 0.368164 0.521973 0.368164 0.521973 0.451172
0 0.157227 0.46386700000000003 0.185547 0.46386700000000003 0.185547 0.297852 0.157227 0.297852 0.157227 0.46386700000000003
2 0.506348 0.435547 0.529297 0.435547 0.529297 0.378906 0.506348 0.378906 0.506348 0.435547
2 0.568359 0.417969 0.5913090000000001 0.417969 0.5913090000000001 0.38281200000000004 0.568359 0.38281200000000004 0.568359 0.417969
2 0.6450199999999999 0.441406 0.68457 0.441406 0.68457 0.390625 0.6450199999999999 0.390625 0.6450199999999999 0.441406
2 0.477051 0.41406200000000004 0.5 0.41406200000000004 0.5 0.375 0.477051 0.375 0.477051 0.41406200000000004
2 0.444824 0.41406200000000004 0.470703 0.41406200000000004 0.470703 0.373047 0.444824 0.373047 0.444824 0.41406200000000004
3 0.303223 0.487305 0.375 0.487305 0.375 0.388672 0.303223 0.388672 0.303223 0.487305
2 0.341309 0.482422 0.40332 0.482422 0.40332 0.364258 0.341309 0.364258 0.341309 0.482422
2 0.057616999999999995 0.446289 0.139648 0.446289 0.139648 0.349609 0.057616999999999995 0.349609 0.057616999999999995 0.446289
2 0.496094 0.419922 0.514648 0.419922 0.514648 0.375977 0.496094 0.375977 0.496094 0.419922
1 0.8668549999999999 0.49667000000000006 0.908662 0.49667000000000006 0.908662 0.40622100000000005 0.8668549999999999 0.40622100000000005 0.8668549999999999 0.49667000000000006
1 0.8250489999999999 0.48985399999999996 0.8711180000000001 0.48985399999999996 0.8711180000000001 0.401104 0.8250489999999999 0.401104 0.8250489999999999 0.48985399999999996
1 0.80542 0.489844 0.833579 0.489844 0.833579 0.399395 0.80542 0.399395 0.80542 0.489844
1 0.767026 0.47789099999999995 0.794331 0.47789099999999995 0.794331 0.375508 0.767026 0.375508 0.767026 0.47789099999999995
1 0.747402 0.471064 0.776411 0.471064 0.776411 0.38916 0.747402 0.38916 0.747402 0.471064
1 0.685967 0.452295 0.7260690000000001 0.452295 0.7260690000000001 0.390869 0.685967 0.390869 0.685967 0.452295