2 0.26220699999999997 0.453125 0.307129 0.453125 0.307129 0.376953 0.26220699999999997 0.376953 0.26220699999999997 0.453125
0 0.920898 0.376953 0.952637 0.376953 0.952637 0.291992 0.920898 0.291992 0.920898 0.376953
0 0.574219 0.450195 0.5922850000000001 0.450195 0.5922850000000001 0.34668 0.574219 0.34668 0.574219 0.450195
0 0.218262 0.480469 0.240234 0.480469 0.240234 0.355469 0.218262 0.355469 0.218262 0.480469
0 0.638672 0.456055 0.661133 0.456055 0.661133 0.337891 0.638672 0.337891 0.638672 0.456055
0 0.65918 0.477539 0.6806639999999999 0.477539 0.6806639999999999 0.34375 0.65918 0.34375 0.65918 0.477539
0 0.8627929999999999 0.46386700000000003 0.891602 0.46386700000000003 0.891602 0.317383 0.8627929999999999 0.317383 0.8627929999999999 0.46386700000000003
0 0.246582 0.477539 0.273926 0.477539 0.273926 0.35156200000000004 0.246582 0.35156200000000004 0.246582 0.477539
0 0.730957 0.472656 0.7524409999999999 0.472656 0.7524409999999999 0.311523 0.730957 0.311523 0.730957 0.472656
0 0.712402 0.47460899999999995 0.737305 0.47460899999999995 0.737305 0.32031200000000004 0.712402 0.32031200000000004 0.712402 0.47460899999999995
0 0.889648 0.512695 0.9287110000000001 0.512695 0.9287110000000001 0.313477 0.889648 0.313477 0.889648 0.512695
2 0.070312 0.552734 0.23144499999999998 0.552734 0.23144499999999998 0.353516 0.070312 0.353516 0.070312 0.552734
2 0.334473 0.604492 0.511719 0.604492 0.511719 0.34375 0.334473 0.34375 0.334473 0.604492
2 0.000488 0.679688 0.11914100000000001 0.679688 0.11914100000000001 0.33593799999999996 0.000488 0.33593799999999996 0.000488 0.679688