2 0.353516 0.279297 0.153809 0.279297 0.153809 0.588867 0.353516 0.588867 0.353516 0.279297
2 0.5795899999999999 0.40332 0.554688 0.40332 0.554688 0.45214800000000005 0.5795899999999999 0.45214800000000005 0.5795899999999999 0.40332
2 0.388184 0.379883 0.339844 0.379883 0.339844 0.525391 0.388184 0.525391 0.388184 0.379883
2 0.437988 0.379883 0.401855 0.379883 0.401855 0.48535199999999995 0.437988 0.48535199999999995 0.437988 0.379883
2 0.410645 0.348633 0.336914 0.348633 0.336914 0.5068360000000001 0.410645 0.5068360000000001 0.410645 0.348633
1 0.45752 0.371094 0.43603500000000006 0.371094 0.43603500000000006 0.490723 0.45752 0.490723 0.45752 0.371094
2 0.999512 0.279297 0.8110350000000001 0.279297 0.8110350000000001 0.688477 0.999512 0.688477 0.999512 0.279297
1 0.10351600000000001 0.40039100000000005 0.02002 0.40039100000000005 0.02002 0.570312 0.10351600000000001 0.570312 0.10351600000000001 0.40039100000000005
6 0.735352 0.266602 0.6005860000000001 0.266602 0.6005860000000001 0.518555 0.735352 0.518555 0.735352 0.266602
2 0.606445 0.404297 0.570312 0.404297 0.570312 0.459961 0.606445 0.459961 0.606445 0.404297
0 0.147461 0.329102 0.10742199999999999 0.329102 0.10742199999999999 0.5380860000000001 0.147461 0.5380860000000001 0.147461 0.329102
2 0.550781 0.395508 0.48974599999999996 0.395508 0.48974599999999996 0.48339800000000005 0.550781 0.48339800000000005 0.550781 0.395508