0 0.562988 0.671875 0.5981449999999999 0.671875 0.5981449999999999 0.290039 0.562988 0.290039 0.562988 0.671875
0 0.737793 0.679688 0.8076169999999999 0.679688 0.8076169999999999 0.279297 0.737793 0.279297 0.737793 0.679688
0 0.126953 0.6494139999999999 0.205566 0.6494139999999999 0.205566 0.30957 0.126953 0.30957 0.126953 0.6494139999999999
0 0.629883 0.720703 0.7006840000000001 0.720703 0.7006840000000001 0.290039 0.629883 0.290039 0.629883 0.720703
0 0.575195 0.698242 0.638672 0.698242 0.638672 0.266602 0.575195 0.266602 0.575195 0.698242
1 0.8808590000000001 0.664062 0.9560549999999999 0.664062 0.9560549999999999 0.410156 0.8808590000000001 0.410156 0.8808590000000001 0.664062
0 0.8056639999999999 0.615234 0.8691409999999999 0.615234 0.8691409999999999 0.307617 0.8056639999999999 0.307617 0.8056639999999999 0.615234
0 0.282227 0.657227 0.33935499999999996 0.657227 0.33935499999999996 0.321289 0.282227 0.321289 0.282227 0.657227
0 0.25341800000000003 0.646484 0.30908199999999997 0.646484 0.30908199999999997 0.30957 0.25341800000000003 0.30957 0.25341800000000003 0.646484
0 0.41699200000000003 0.671875 0.46533199999999997 0.671875 0.46533199999999997 0.28906200000000004 0.41699200000000003 0.28906200000000004 0.41699200000000003 0.671875
0 0.088867 0.637695 0.149902 0.637695 0.149902 0.321289 0.088867 0.321289 0.088867 0.637695
0 0.34814500000000004 0.65918 0.39502000000000004 0.65918 0.39502000000000004 0.296875 0.34814500000000004 0.296875 0.34814500000000004 0.65918
0 0.85498 0.583984 0.8930659999999999 0.583984 0.8930659999999999 0.391602 0.85498 0.391602 0.85498 0.583984
0 0.365723 0.668945 0.415039 0.668945 0.415039 0.375977 0.365723 0.375977 0.365723 0.668945
0 0.89416 0.602471 0.9487650000000001 0.602471 0.9487650000000001 0.26458 0.89416 0.26458 0.89416 0.602471