0 0.749512 0.41699200000000003 0.763672 0.41699200000000003 0.763672 0.350586 0.749512 0.350586 0.749512 0.41699200000000003
0 0.196289 0.450195 0.22607400000000002 0.450195 0.22607400000000002 0.37207 0.196289 0.37207 0.196289 0.450195
1 0.15795900000000002 0.666211 0.316826 0.666211 0.316826 0.416533 0.15795900000000002 0.416533 0.15795900000000002 0.666211
0 0.8535159999999999 0.493164 0.883301 0.493164 0.883301 0.324219 0.8535159999999999 0.324219 0.8535159999999999 0.493164
3 0.683594 0.49707 0.7900389999999999 0.49707 0.7900389999999999 0.35156200000000004 0.683594 0.35156200000000004 0.683594 0.49707
1 0.053710999999999995 0.714844 0.187988 0.714844 0.187988 0.43457 0.053710999999999995 0.43457 0.053710999999999995 0.714844
3 0.295898 0.549805 0.373047 0.549805 0.373047 0.39843799999999996 0.295898 0.39843799999999996 0.295898 0.549805
0 0.720703 0.40527300000000005 0.735352 0.40527300000000005 0.735352 0.350586 0.720703 0.350586 0.720703 0.40527300000000005
1 0.000488 0.760742 0.145996 0.760742 0.145996 0.441406 0.000488 0.441406 0.000488 0.760742
0 0.8881840000000001 0.49218799999999996 0.922363 0.49218799999999996 0.922363 0.318359 0.8881840000000001 0.318359 0.8881840000000001 0.49218799999999996
0 0.10302700000000001 0.46777300000000005 0.138184 0.46777300000000005 0.138184 0.332031 0.10302700000000001 0.332031 0.10302700000000001 0.46777300000000005
3 0.355762 0.508613 0.42402300000000004 0.508613 0.42402300000000004 0.392568 0.355762 0.392568 0.355762 0.508613