2 0.608481 0.350244 0.539546 0.350244 0.539546 0.460879 0.608481 0.460879 0.608481 0.350244
2 0.632314 0.365557 0.598271 0.365557 0.598271 0.44726600000000005 0.632314 0.44726600000000005 0.632314 0.365557
2 0.450186 0.340029 0.347207 0.340029 0.347207 0.45407200000000003 0.450186 0.45407200000000003 0.450186 0.340029
2 0.256992 0.362158 0.21614300000000003 0.362158 0.21614300000000003 0.44726600000000005 0.256992 0.44726600000000005 0.256992 0.362158
2 0.765078 0.365557 0.6850780000000001 0.365557 0.6850780000000001 0.49492200000000003 0.765078 0.49492200000000003 0.765078 0.365557
2 0.704653 0.365557 0.666353 0.365557 0.666353 0.46768599999999994 0.704653 0.46768599999999994 0.704653 0.365557
0 0.8612500000000001 0.26343700000000003 0.75146 0.26343700000000003 0.75146 0.644707 0.8612500000000001 0.644707 0.8612500000000001 0.26343700000000003
0 0.75146 0.294072 0.703804 0.294072 0.703804 0.588535 0.75146 0.588535 0.75146 0.294072
0 0.235937 0.297852 0.202847 0.297852 0.202847 0.498838 0.235937 0.498838 0.235937 0.297852
0 0.234863 0.351943 0.203374 0.351943 0.203374 0.501729 0.234863 0.501729 0.234863 0.351943
0 0.03146 0.271943 0.000825 0.271943 0.000825 0.597051 0.03146 0.597051 0.03146 0.271943
0 0.063804 0.28385699999999997 0.023804 0.28385699999999997 0.023804 0.583438 0.063804 0.583438 0.063804 0.28385699999999997
0 0.113164 0.275352 0.061250000000000006 0.275352 0.061250000000000006 0.47449199999999997 0.113164 0.47449199999999997 0.113164 0.275352
0 0.285078 0.341729 0.257847 0.341729 0.257847 0.42683600000000005 0.285078 0.42683600000000005 0.285078 0.341729
0 0.189761 0.311094 0.148906 0.311094 0.148906 0.445557 0.189761 0.445557 0.189761 0.311094
0 0.20763199999999998 0.314492 0.18209999999999998 0.314492 0.18209999999999998 0.43875000000000003 0.20763199999999998 0.43875000000000003 0.20763199999999998 0.314492
1 0.345503 0.27364299999999997 0.280825 0.27364299999999997 0.280825 0.59875 0.345503 0.59875 0.345503 0.27364299999999997
1 0.194014 0.392793 0.12592799999999998 0.392793 0.12592799999999998 0.580029 0.194014 0.580029 0.194014 0.392793
1 0.235718 0.409814 0.186353 0.409814 0.186353 0.566416 0.235718 0.566416 0.235718 0.409814
1 0.508906 0.333223 0.41784699999999997 0.333223 0.41784699999999997 0.53748 0.508906 0.53748 0.508906 0.333223
2 0.502949 0.360459 0.46890599999999993 0.360459 0.46890599999999993 0.445557 0.502949 0.445557 0.502949 0.360459
2 0.649336 0.37917999999999996 0.628057 0.37917999999999996 0.628057 0.420029 0.649336 0.420029 0.649336 0.37917999999999996