2 0.391519 0.460879 0.46045400000000003 0.460879 0.46045400000000003 0.350244 0.391519 0.350244 0.391519 0.460879
2 0.367686 0.44726600000000005 0.401729 0.44726600000000005 0.401729 0.365557 0.367686 0.365557 0.367686 0.44726600000000005
2 0.549814 0.45407200000000003 0.652793 0.45407200000000003 0.652793 0.340029 0.549814 0.340029 0.549814 0.45407200000000003
2 0.743008 0.44726600000000005 0.783857 0.44726600000000005 0.783857 0.362158 0.743008 0.362158 0.743008 0.44726600000000005
2 0.234922 0.49492200000000003 0.31492200000000004 0.49492200000000003 0.31492200000000004 0.365557 0.234922 0.365557 0.234922 0.49492200000000003
2 0.29534699999999997 0.46768599999999994 0.33364699999999997 0.46768599999999994 0.33364699999999997 0.365557 0.29534699999999997 0.365557 0.29534699999999997 0.46768599999999994
0 0.13874999999999998 0.644707 0.24853999999999998 0.644707 0.24853999999999998 0.26343700000000003 0.13874999999999998 0.26343700000000003 0.13874999999999998 0.644707
0 0.24853999999999998 0.588535 0.296196 0.588535 0.296196 0.294072 0.24853999999999998 0.294072 0.24853999999999998 0.588535
0 0.7640629999999999 0.498838 0.797153 0.498838 0.797153 0.297852 0.7640629999999999 0.297852 0.7640629999999999 0.498838
0 0.765137 0.501729 0.7966260000000001 0.501729 0.7966260000000001 0.351943 0.765137 0.351943 0.765137 0.501729
0 0.96854 0.597051 0.9991749999999999 0.597051 0.9991749999999999 0.271943 0.96854 0.271943 0.96854 0.597051
0 0.936196 0.583438 0.9761960000000001 0.583438 0.9761960000000001 0.28385699999999997 0.936196 0.28385699999999997 0.936196 0.583438
0 0.886836 0.47449199999999997 0.93875 0.47449199999999997 0.93875 0.275352 0.886836 0.275352 0.886836 0.47449199999999997
0 0.714922 0.42683600000000005 0.742153 0.42683600000000005 0.742153 0.341729 0.714922 0.341729 0.714922 0.42683600000000005
0 0.8102389999999999 0.445557 0.851094 0.445557 0.851094 0.311094 0.8102389999999999 0.311094 0.8102389999999999 0.445557
0 0.792368 0.43875000000000003 0.8179000000000001 0.43875000000000003 0.8179000000000001 0.314492 0.792368 0.314492 0.792368 0.43875000000000003
1 0.654497 0.59875 0.719175 0.59875 0.719175 0.27364299999999997 0.654497 0.27364299999999997 0.654497 0.59875
1 0.8059860000000001 0.580029 0.874072 0.580029 0.874072 0.392793 0.8059860000000001 0.392793 0.8059860000000001 0.580029
1 0.764282 0.566416 0.8136469999999999 0.566416 0.8136469999999999 0.409814 0.764282 0.409814 0.764282 0.566416
1 0.49109400000000003 0.53748 0.582153 0.53748 0.582153 0.333223 0.49109400000000003 0.333223 0.49109400000000003 0.53748
2 0.497051 0.445557 0.5310940000000001 0.445557 0.5310940000000001 0.360459 0.497051 0.360459 0.497051 0.445557
2 0.350664 0.420029 0.371943 0.420029 0.371943 0.37917999999999996 0.350664 0.37917999999999996 0.350664 0.420029