2 0.9987790000000001 0.31535199999999997 0.7860159999999999 0.31535199999999997 0.7860159999999999 0.688115 0.9987790000000001 0.688115 0.9987790000000001 0.31535199999999997
2 0.620908 0.313643 0.488145 0.313643 0.488145 0.470244 0.620908 0.470244 0.620908 0.313643
2 0.523037 0.306836 0.44048299999999996 0.306836 0.44048299999999996 0.41748 0.523037 0.41748 0.523037 0.306836
2 0.271123 0.317051 0.11452599999999999 0.317051 0.11452599999999999 0.454922 0.271123 0.454922 0.271123 0.317051
0 0.379204 0.294922 0.350269 0.294922 0.350269 0.45151399999999997 0.379204 0.45151399999999997 0.379204 0.294922
0 0.391973 0.31535199999999997 0.372397 0.31535199999999997 0.372397 0.446416 0.391973 0.446416 0.391973 0.31535199999999997
0 0.747715 0.305137 0.721333 0.305137 0.721333 0.43109400000000003 0.747715 0.43109400000000003 0.747715 0.305137
0 0.308569 0.322158 0.283037 0.322158 0.283037 0.443008 0.308569 0.443008 0.308569 0.322158
0 0.071143 0.323857 0.038779 0.323857 0.038779 0.422559 0.071143 0.422559 0.071143 0.323857
0 0.021758 0.305137 0.002183 0.305137 0.002183 0.425986 0.021758 0.425986 0.021758 0.305137
0 0.257505 0.301729 0.22090800000000002 0.301729 0.22090800000000002 0.454922 0.257505 0.454922 0.257505 0.301729
0 0.22090800000000002 0.293223 0.194526 0.293223 0.194526 0.45833 0.22090800000000002 0.45833 0.22090800000000002 0.293223
0 0.156226 0.310244 0.128145 0.310244 0.128145 0.45322300000000004 0.156226 0.45322300000000004 0.156226 0.310244
0 0.182612 0.306836 0.164736 0.306836 0.164736 0.454922 0.182612 0.454922 0.182612 0.306836
0 0.19622599999999998 0.31875 0.174951 0.31875 0.174951 0.45151399999999997 0.19622599999999998 0.45151399999999997 0.19622599999999998 0.31875
0 0.28729 0.301729 0.26261199999999996 0.301729 0.26261199999999996 0.454922 0.28729 0.454922 0.28729 0.301729
0 0.41750499999999996 0.327266 0.40218299999999996 0.327266 0.40218299999999996 0.400459 0.41750499999999996 0.400459 0.41750499999999996 0.327266
0 0.432822 0.33066399999999996 0.420059 0.33066399999999996 0.420059 0.407266 0.432822 0.407266 0.432822 0.33066399999999996
0 0.449844 0.328965 0.43708 0.328965 0.43708 0.393643 0.449844 0.393643 0.449844 0.328965