3 0.546875 0.441406 0.570801 0.441406 0.570801 0.322266 0.546875 0.322266 0.546875 0.441406
3 0.00293 0.395508 0.015625 0.395508 0.015625 0.31543 0.00293 0.31543 0.00293 0.395508
1 0.376953 0.404297 0.46582 0.404297 0.46582 0.267578 0.376953 0.267578 0.376953 0.404297
3 0.932129 0.513672 0.9814450000000001 0.513672 0.9814450000000001 0.310547 0.932129 0.310547 0.932129 0.513672
3 0.7543949999999999 0.47851600000000005 0.78418 0.47851600000000005 0.78418 0.318359 0.7543949999999999 0.318359 0.7543949999999999 0.47851600000000005
3 0.585449 0.44531200000000004 0.609375 0.44531200000000004 0.609375 0.316406 0.585449 0.316406 0.585449 0.44531200000000004
3 0.7983399999999999 0.480469 0.8266600000000001 0.480469 0.8266600000000001 0.308594 0.7983399999999999 0.308594 0.7983399999999999 0.480469
0 0.24365199999999998 0.374023 0.28564500000000004 0.374023 0.28564500000000004 0.323242 0.24365199999999998 0.323242 0.24365199999999998 0.374023
3 0.973145 0.5244139999999999 0.999512 0.5244139999999999 0.999512 0.306641 0.973145 0.306641 0.973145 0.5244139999999999
3 0.620117 0.456055 0.646484 0.456055 0.646484 0.30468799999999996 0.620117 0.30468799999999996 0.620117 0.456055
3 0.8193360000000001 0.47851600000000005 0.8471679999999999 0.47851600000000005 0.8471679999999999 0.318359 0.8193360000000001 0.318359 0.8193360000000001 0.47851600000000005
2 0.47021499999999994 0.457031 0.495605 0.457031 0.495605 0.365234 0.47021499999999994 0.365234 0.47021499999999994 0.457031
0 0.355469 0.38281200000000004 0.382324 0.38281200000000004 0.382324 0.325195 0.355469 0.325195 0.355469 0.38281200000000004
0 0.296387 0.37207 0.34375 0.37207 0.34375 0.327148 0.296387 0.327148 0.296387 0.37207
3 0.700195 0.47949200000000003 0.7456050000000001 0.47949200000000003 0.7456050000000001 0.302734 0.700195 0.302734 0.700195 0.47949200000000003
3 0.02832 0.396484 0.044434 0.396484 0.044434 0.311523 0.02832 0.311523 0.02832 0.396484
3 0.46972699999999995 0.441406 0.49755900000000003 0.441406 0.49755900000000003 0.31543 0.46972699999999995 0.31543 0.46972699999999995 0.441406
3 0.644531 0.46875 0.674805 0.46875 0.674805 0.314453 0.644531 0.314453 0.644531 0.46875
3 0.864399 0.472412 0.887715 0.472412 0.887715 0.311787 0.864399 0.311787 0.864399 0.472412
3 0.8903079999999999 0.498311 0.930894 0.498311 0.930894 0.316963 0.8903079999999999 0.316963 0.8903079999999999 0.498311