3 0.5024409999999999 0.56543 0.557129 0.56543 0.557129 0.356445 0.5024409999999999 0.356445 0.5024409999999999 0.56543
3 0.293945 0.537109 0.32372999999999996 0.537109 0.32372999999999996 0.361328 0.293945 0.361328 0.293945 0.537109
3 0.689453 0.572266 0.738281 0.572266 0.738281 0.356445 0.689453 0.356445 0.689453 0.572266
3 0.585449 0.552734 0.6181639999999999 0.552734 0.6181639999999999 0.380859 0.585449 0.380859 0.585449 0.552734
3 0.611328 0.548828 0.642578 0.548828 0.642578 0.341797 0.611328 0.341797 0.611328 0.548828
3 0.41601600000000005 0.527344 0.449219 0.527344 0.449219 0.349609 0.41601600000000005 0.349609 0.41601600000000005 0.527344
3 0.883301 0.545898 0.91748 0.545898 0.91748 0.327148 0.883301 0.327148 0.883301 0.545898
3 0.38622999999999996 0.544922 0.421387 0.544922 0.421387 0.34082 0.38622999999999996 0.34082 0.38622999999999996 0.544922
3 0.356445 0.557617 0.392578 0.557617 0.392578 0.353516 0.356445 0.353516 0.356445 0.557617
3 0.45166000000000006 0.527344 0.475586 0.527344 0.475586 0.350586 0.45166000000000006 0.350586 0.45166000000000006 0.527344
3 0.968892 0.555312 0.9982519999999999 0.555312 0.9982519999999999 0.30833 0.968892 0.30833 0.968892 0.555312
3 0.919668 0.55876 0.966299 0.55876 0.966299 0.313516 0.919668 0.313516 0.919668 0.55876
3 0.8246779999999999 0.572578 0.8730370000000001 0.572578 0.8730370000000001 0.33251 0.8246779999999999 0.33251 0.8246779999999999 0.572578
3 0.7823629999999999 0.557041 0.8125880000000001 0.557041 0.8125880000000001 0.348057 0.7823629999999999 0.348057 0.7823629999999999 0.557041
3 0.743501 0.567402 0.772861 0.567402 0.772861 0.34287100000000004 0.743501 0.34287100000000004 0.743501 0.567402