0 0.265625 0.446289 0.358887 0.446289 0.358887 0.30468799999999996 0.265625 0.30468799999999996 0.265625 0.446289
0 0.124512 0.46093799999999996 0.219238 0.46093799999999996 0.219238 0.305664 0.124512 0.305664 0.124512 0.46093799999999996
3 0.613281 0.44726600000000005 0.639648 0.44726600000000005 0.639648 0.337891 0.613281 0.337891 0.613281 0.44726600000000005
1 0.311035 0.40136700000000003 0.375488 0.40136700000000003 0.375488 0.267578 0.311035 0.267578 0.311035 0.40136700000000003
0 0.217773 0.368164 0.24267599999999998 0.368164 0.24267599999999998 0.331055 0.217773 0.331055 0.217773 0.368164
2 0.612305 0.459961 0.641113 0.459961 0.641113 0.380859 0.612305 0.380859 0.612305 0.459961
3 0.55957 0.415039 0.5766600000000001 0.415039 0.5766600000000001 0.34082 0.55957 0.34082 0.55957 0.415039
0 0.105957 0.375977 0.125 0.375977 0.125 0.322266 0.105957 0.322266 0.105957 0.375977
3 0.083496 0.366211 0.09668 0.366211 0.09668 0.311523 0.083496 0.311523 0.083496 0.366211
3 0.44873 0.395508 0.45898399999999995 0.395508 0.45898399999999995 0.336914 0.44873 0.336914 0.44873 0.395508
3 0.41845699999999997 0.384766 0.42724599999999996 0.384766 0.42724599999999996 0.333008 0.41845699999999997 0.333008 0.41845699999999997 0.384766