0 0.734375 0.30468799999999996 0.641113 0.30468799999999996 0.641113 0.446289 0.734375 0.446289 0.734375 0.30468799999999996
0 0.875488 0.305664 0.780762 0.305664 0.780762 0.46093799999999996 0.875488 0.46093799999999996 0.875488 0.305664
3 0.386719 0.337891 0.360352 0.337891 0.360352 0.44726600000000005 0.386719 0.44726600000000005 0.386719 0.337891
1 0.6889649999999999 0.267578 0.624512 0.267578 0.624512 0.40136700000000003 0.6889649999999999 0.40136700000000003 0.6889649999999999 0.267578
0 0.782227 0.331055 0.757324 0.331055 0.757324 0.368164 0.782227 0.368164 0.782227 0.331055
2 0.387695 0.380859 0.358887 0.380859 0.358887 0.459961 0.387695 0.459961 0.387695 0.380859
3 0.44043 0.34082 0.42333999999999994 0.34082 0.42333999999999994 0.415039 0.44043 0.415039 0.44043 0.34082
0 0.8940429999999999 0.322266 0.875 0.322266 0.875 0.375977 0.8940429999999999 0.375977 0.8940429999999999 0.322266
3 0.916504 0.311523 0.9033200000000001 0.311523 0.9033200000000001 0.366211 0.916504 0.366211 0.916504 0.311523
3 0.5512699999999999 0.336914 0.541016 0.336914 0.541016 0.395508 0.5512699999999999 0.395508 0.5512699999999999 0.336914
3 0.581543 0.333008 0.572754 0.333008 0.572754 0.384766 0.581543 0.384766 0.581543 0.333008