0 0.126465 0.38281200000000004 0.042969 0.38281200000000004 0.042969 0.501953 0.126465 0.501953 0.126465 0.38281200000000004
0 0.6108399999999999 0.38281200000000004 0.584473 0.38281200000000004 0.584473 0.413086 0.6108399999999999 0.413086 0.6108399999999999 0.38281200000000004
3 0.8369139999999999 0.345703 0.8159179999999999 0.345703 0.8159179999999999 0.42089800000000005 0.8369139999999999 0.42089800000000005 0.8369139999999999 0.345703
0 0.012695000000000001 0.44824200000000003 0.000488 0.44824200000000003 0.000488 0.550781 0.012695000000000001 0.550781 0.012695000000000001 0.44824200000000003
0 0.205566 0.366211 0.11865200000000001 0.366211 0.11865200000000001 0.482422 0.205566 0.482422 0.205566 0.366211
3 0.728516 0.35156200000000004 0.712891 0.35156200000000004 0.712891 0.457031 0.728516 0.457031 0.728516 0.35156200000000004
0 0.444824 0.38281200000000004 0.41113299999999997 0.38281200000000004 0.41113299999999997 0.430664 0.444824 0.430664 0.444824 0.38281200000000004
0 0.567383 0.375977 0.535156 0.375977 0.535156 0.42773399999999995 0.567383 0.42773399999999995 0.567383 0.375977
3 0.757324 0.353516 0.737793 0.353516 0.737793 0.441406 0.757324 0.441406 0.757324 0.353516
3 0.9047850000000001 0.326172 0.869629 0.326172 0.869629 0.472656 0.9047850000000001 0.472656 0.9047850000000001 0.326172
0 0.253906 0.371094 0.202148 0.371094 0.202148 0.46582 0.253906 0.46582 0.253906 0.371094
0 0 0.512695 0.055176 0.512695 0.055176 0.379883 0 0.379883 0 0.512695