0 0.292969 0.353516 0.118164 0.353516 0.118164 0.530273 0.292969 0.530273 0.292969 0.353516
0 0.546875 0.339844 0.44824200000000003 0.339844 0.44824200000000003 0.433594 0.546875 0.433594 0.546875 0.339844
2 0.395508 0.40332 0.353027 0.40332 0.353027 0.518555 0.395508 0.518555 0.395508 0.40332
2 0.36279300000000003 0.386719 0.317871 0.386719 0.317871 0.520508 0.36279300000000003 0.520508 0.36279300000000003 0.386719
2 0.29541 0.40722699999999995 0.24609399999999998 0.40722699999999995 0.24609399999999998 0.566406 0.29541 0.566406 0.29541 0.40722699999999995
3 0.686523 0.338867 0.674805 0.338867 0.674805 0.408203 0.686523 0.408203 0.686523 0.338867
2 0.345215 0.381836 0.291016 0.381836 0.291016 0.549805 0.345215 0.549805 0.345215 0.381836
3 0.698242 0.334961 0.685547 0.334961 0.685547 0.40918 0.698242 0.40918 0.698242 0.334961
2 0.251465 0.37793 0.178223 0.37793 0.178223 0.59375 0.251465 0.59375 0.251465 0.37793
3 0.6743159999999999 0.332031 0.660156 0.332031 0.660156 0.408203 0.6743159999999999 0.408203 0.6743159999999999 0.332031
0 0.336426 0.354492 0.249512 0.354492 0.249512 0.428711 0.336426 0.428711 0.336426 0.354492
0 0.6362300000000001 0.342773 0.546875 0.342773 0.546875 0.423828 0.6362300000000001 0.423828 0.6362300000000001 0.342773
3 0.968262 0.34375 0.9462889999999999 0.34375 0.9462889999999999 0.46875 0.968262 0.46875 0.968262 0.34375