0 0.707031 0.530273 0.8818360000000001 0.530273 0.8818360000000001 0.353516 0.707031 0.353516 0.707031 0.530273
0 0.453125 0.433594 0.551758 0.433594 0.551758 0.339844 0.453125 0.339844 0.453125 0.433594
2 0.604492 0.518555 0.646973 0.518555 0.646973 0.40332 0.604492 0.40332 0.604492 0.518555
2 0.637207 0.520508 0.682129 0.520508 0.682129 0.386719 0.637207 0.386719 0.637207 0.520508
2 0.7045899999999999 0.566406 0.753906 0.566406 0.753906 0.40722699999999995 0.7045899999999999 0.40722699999999995 0.7045899999999999 0.566406
3 0.313477 0.408203 0.325195 0.408203 0.325195 0.338867 0.313477 0.338867 0.313477 0.408203
2 0.6547850000000001 0.549805 0.708984 0.549805 0.708984 0.381836 0.6547850000000001 0.381836 0.6547850000000001 0.549805
3 0.301758 0.40918 0.314453 0.40918 0.314453 0.334961 0.301758 0.334961 0.301758 0.40918
2 0.7485350000000001 0.59375 0.821777 0.59375 0.821777 0.37793 0.7485350000000001 0.37793 0.7485350000000001 0.59375
3 0.325684 0.408203 0.339844 0.408203 0.339844 0.332031 0.325684 0.332031 0.325684 0.408203
0 0.663574 0.428711 0.750488 0.428711 0.750488 0.354492 0.663574 0.354492 0.663574 0.428711
0 0.36377000000000004 0.423828 0.453125 0.423828 0.453125 0.342773 0.36377000000000004 0.342773 0.36377000000000004 0.423828
3 0.031738 0.46875 0.053710999999999995 0.46875 0.053710999999999995 0.34375 0.031738 0.34375 0.031738 0.46875