0 0.5 0.46777300000000005 0.516602 0.46777300000000005 0.516602 0.43457 0.5 0.43457 0.5 0.46777300000000005
3 0.36279300000000003 0.47851600000000005 0.375977 0.47851600000000005 0.375977 0.391602 0.36279300000000003 0.391602 0.36279300000000003 0.47851600000000005
1 0.374023 0.480469 0.421387 0.480469 0.421387 0.389648 0.374023 0.389648 0.374023 0.480469
0 0.477539 0.496094 0.5024409999999999 0.496094 0.5024409999999999 0.439453 0.477539 0.439453 0.477539 0.496094
3 0.251953 0.509766 0.272461 0.509766 0.272461 0.402344 0.251953 0.402344 0.251953 0.509766
5 0.374023 0.481445 0.42089800000000005 0.481445 0.42089800000000005 0.390625 0.374023 0.390625 0.374023 0.481445
0 0.608398 0.48535199999999995 0.637207 0.48535199999999995 0.637207 0.439453 0.608398 0.439453 0.608398 0.48535199999999995
3 0.793945 0.512695 0.8100590000000001 0.512695 0.8100590000000001 0.43652300000000005 0.793945 0.43652300000000005 0.793945 0.512695
4 0.562012 0.516602 0.584473 0.516602 0.584473 0.42529300000000003 0.562012 0.42529300000000003 0.562012 0.516602
0 0.658203 0.49511700000000003 0.679688 0.49511700000000003 0.679688 0.441406 0.658203 0.441406 0.658203 0.49511700000000003
0 0.636719 0.49023399999999995 0.671875 0.49023399999999995 0.671875 0.425781 0.636719 0.425781 0.636719 0.49023399999999995
0 0.676758 0.505859 0.722168 0.505859 0.722168 0.43457 0.676758 0.43457 0.676758 0.505859
3 0 0.546875 0.021973 0.546875 0.021973 0.331055 0 0.331055 0 0.546875
3 0.233398 0.510742 0.255371 0.510742 0.255371 0.394531 0.233398 0.394531 0.233398 0.510742
3 0.33935499999999996 0.542969 0.36279300000000003 0.542969 0.36279300000000003 0.388672 0.33935499999999996 0.388672 0.33935499999999996 0.542969
3 0.822754 0.518555 0.836426 0.518555 0.836426 0.41601600000000005 0.822754 0.41601600000000005 0.822754 0.518555
3 0.325684 0.539062 0.344238 0.539062 0.344238 0.384766 0.325684 0.384766 0.325684 0.539062
0 0.431152 0.48925799999999997 0.46777300000000005 0.48925799999999997 0.46777300000000005 0.42675799999999997 0.431152 0.42675799999999997 0.431152 0.48925799999999997
3 0.7680659999999999 0.520508 0.793457 0.520508 0.793457 0.394531 0.7680659999999999 0.394531 0.7680659999999999 0.520508
0 0.510742 0.488281 0.5454100000000001 0.488281 0.5454100000000001 0.430664 0.510742 0.430664 0.510742 0.488281