0 0.5 0.43457 0.48339800000000005 0.43457 0.48339800000000005 0.46777300000000005 0.5 0.46777300000000005 0.5 0.43457
3 0.637207 0.391602 0.624023 0.391602 0.624023 0.47851600000000005 0.637207 0.47851600000000005 0.637207 0.391602
1 0.625977 0.389648 0.578613 0.389648 0.578613 0.480469 0.625977 0.480469 0.625977 0.389648
0 0.5224610000000001 0.439453 0.49755900000000003 0.439453 0.49755900000000003 0.496094 0.5224610000000001 0.496094 0.5224610000000001 0.439453
3 0.748047 0.402344 0.7275389999999999 0.402344 0.7275389999999999 0.509766 0.748047 0.509766 0.748047 0.402344
5 0.625977 0.390625 0.579102 0.390625 0.579102 0.481445 0.625977 0.481445 0.625977 0.390625
0 0.391602 0.439453 0.36279300000000003 0.439453 0.36279300000000003 0.48535199999999995 0.391602 0.48535199999999995 0.391602 0.439453
3 0.20605500000000002 0.43652300000000005 0.189941 0.43652300000000005 0.189941 0.512695 0.20605500000000002 0.512695 0.20605500000000002 0.43652300000000005
4 0.437988 0.42529300000000003 0.415527 0.42529300000000003 0.415527 0.516602 0.437988 0.516602 0.437988 0.42529300000000003
0 0.341797 0.441406 0.32031200000000004 0.441406 0.32031200000000004 0.49511700000000003 0.341797 0.49511700000000003 0.341797 0.441406
0 0.363281 0.425781 0.328125 0.425781 0.328125 0.49023399999999995 0.363281 0.49023399999999995 0.363281 0.425781
0 0.323242 0.43457 0.27783199999999997 0.43457 0.27783199999999997 0.505859 0.323242 0.505859 0.323242 0.43457
3 1 0.331055 0.978027 0.331055 0.978027 0.546875 1 0.546875 1 0.331055
3 0.766602 0.394531 0.744629 0.394531 0.744629 0.510742 0.766602 0.510742 0.766602 0.394531
3 0.6606449999999999 0.388672 0.637207 0.388672 0.637207 0.542969 0.6606449999999999 0.542969 0.6606449999999999 0.388672
3 0.177246 0.41601600000000005 0.163574 0.41601600000000005 0.163574 0.518555 0.177246 0.518555 0.177246 0.41601600000000005
3 0.6743159999999999 0.384766 0.655762 0.384766 0.655762 0.539062 0.6743159999999999 0.539062 0.6743159999999999 0.384766
0 0.568848 0.42675799999999997 0.532227 0.42675799999999997 0.532227 0.48925799999999997 0.568848 0.48925799999999997 0.568848 0.42675799999999997
3 0.231934 0.394531 0.206543 0.394531 0.206543 0.520508 0.231934 0.520508 0.231934 0.394531
0 0.48925799999999997 0.430664 0.45458999999999994 0.430664 0.45458999999999994 0.488281 0.48925799999999997 0.488281 0.48925799999999997 0.430664