0 0.5556639999999999 0.503906 0.618652 0.503906 0.618652 0.40625 0.5556639999999999 0.40625 0.5556639999999999 0.503906
4 0.437988 0.556641 0.487305 0.556641 0.487305 0.39843799999999996 0.437988 0.39843799999999996 0.437988 0.556641
0 0 0.53418 0.06884799999999999 0.53418 0.06884799999999999 0.399414 0 0.399414 0 0.53418
2 0.204102 0.558594 0.312988 0.558594 0.312988 0.418945 0.204102 0.418945 0.204102 0.558594
2 0.164551 0.579102 0.20800800000000003 0.579102 0.20800800000000003 0.402344 0.164551 0.402344 0.164551 0.579102
2 0 0.576172 0.015625 0.576172 0.015625 0.43261700000000003 0 0.43261700000000003 0 0.576172
0 0.6831050000000001 0.53125 0.8027340000000001 0.53125 0.8027340000000001 0.41699200000000003 0.6831050000000001 0.41699200000000003 0.6831050000000001 0.53125
0 0.469238 0.5380860000000001 0.599121 0.5380860000000001 0.599121 0.397461 0.469238 0.397461 0.469238 0.5380860000000001
0 0.626953 0.510742 0.685547 0.510742 0.685547 0.42773399999999995 0.626953 0.42773399999999995 0.626953 0.510742
4 0.323242 0.56543 0.44726600000000005 0.56543 0.44726600000000005 0.37793 0.323242 0.37793 0.323242 0.56543
0 0.604492 0.496094 0.632812 0.496094 0.632812 0.428711 0.604492 0.428711 0.604492 0.496094
4 0.11523399999999999 0.573242 0.179199 0.573242 0.179199 0.40039100000000005 0.11523399999999999 0.40039100000000005 0.11523399999999999 0.573242
2 0.046387 0.576172 0.099121 0.576172 0.099121 0.40527300000000005 0.046387 0.40527300000000005 0.046387 0.576172
3 0.780762 0.46386700000000003 0.795898 0.46386700000000003 0.795898 0.41601600000000005 0.780762 0.41601600000000005 0.780762 0.46386700000000003