0 0.1875 0.362305 0.051758000000000005 0.362305 0.051758000000000005 0.552734 0.1875 0.552734 0.1875 0.362305
0 0.7768550000000001 0.375 0.700195 0.375 0.700195 0.545898 0.7768550000000001 0.545898 0.7768550000000001 0.375
0 0.8876950000000001 0.348633 0.746582 0.348633 0.746582 0.598633 0.8876950000000001 0.598633 0.8876950000000001 0.348633
0 1 0.359375 0.805176 0.359375 0.805176 0.7099610000000001 1 0.7099610000000001 1 0.359375
0 0.299805 0.347656 0.166992 0.347656 0.166992 0.53418 0.299805 0.53418 0.299805 0.347656
0 0.37158199999999997 0.378906 0.291504 0.378906 0.291504 0.500977 0.37158199999999997 0.500977 0.37158199999999997 0.378906
5 0.611328 0.28418 0.546875 0.28418 0.546875 0.451172 0.611328 0.451172 0.611328 0.28418
0 0.149902 0.362305 0.000488 0.362305 0.000488 0.646484 0.149902 0.646484 0.149902 0.362305
0 0.451172 0.359375 0.386719 0.359375 0.386719 0.46093799999999996 0.451172 0.46093799999999996 0.451172 0.359375
0 0.6577149999999999 0.38281200000000004 0.6264649999999999 0.38281200000000004 0.6264649999999999 0.44726600000000005 0.6577149999999999 0.44726600000000005 0.6577149999999999 0.38281200000000004
0 0.475586 0.385742 0.44531200000000004 0.385742 0.44531200000000004 0.44726600000000005 0.475586 0.44726600000000005 0.475586 0.385742
0 0.520508 0.386719 0.461426 0.386719 0.461426 0.44335899999999995 0.520508 0.44335899999999995 0.520508 0.386719
0 0.692383 0.374023 0.646484 0.374023 0.646484 0.486328 0.692383 0.486328 0.692383 0.374023
0 0.415527 0.389648 0.357422 0.389648 0.357422 0.46875 0.415527 0.46875 0.415527 0.389648
3 0.22607400000000002 0.337891 0.195801 0.337891 0.195801 0.549805 0.22607400000000002 0.549805 0.22607400000000002 0.337891
0 1 0.423828 0.89502 0.423828 0.89502 0.871094 1 0.871094 1 0.423828
0 0.7275389999999999 0.37793 0.659668 0.37793 0.659668 0.511719 0.7275389999999999 0.511719 0.7275389999999999 0.37793