3 0.999512 0.317383 0.975098 0.317383 0.975098 0.52832 0.999512 0.52832 0.999512 0.317383
2 0.248047 0.41210899999999995 0.210938 0.41210899999999995 0.210938 0.546875 0.248047 0.546875 0.248047 0.41210899999999995
3 0.977051 0.298828 0.9399409999999999 0.298828 0.9399409999999999 0.55957 0.977051 0.55957 0.977051 0.298828
0 0.276367 0.370117 0.16406199999999999 0.370117 0.16406199999999999 0.49414100000000005 0.276367 0.49414100000000005 0.276367 0.370117
3 0.244141 0.307617 0.20459 0.307617 0.20459 0.518555 0.244141 0.518555 0.244141 0.307617
3 0.9443360000000001 0.323242 0.9189450000000001 0.323242 0.9189450000000001 0.488281 0.9443360000000001 0.488281 0.9443360000000001 0.323242
1 0.45166000000000006 0.344727 0.41113299999999997 0.344727 0.41113299999999997 0.44238299999999997 0.45166000000000006 0.44238299999999997 0.45166000000000006 0.344727
0 0.45166000000000006 0.34375 0.41210899999999995 0.34375 0.41210899999999995 0.44726600000000005 0.45166000000000006 0.44726600000000005 0.45166000000000006 0.34375
5 0.5400389999999999 0.270508 0.47216800000000003 0.270508 0.47216800000000003 0.444336 0.5400389999999999 0.444336 0.5400389999999999 0.270508
0 0.19043000000000002 0.364258 0.041992 0.364258 0.041992 0.560547 0.19043000000000002 0.560547 0.19043000000000002 0.364258
0 0 0.595703 0.053223 0.595703 0.053223 0.328125 0 0.328125 0 0.595703
0 0.437012 0.356445 0.352539 0.356445 0.352539 0.480469 0.437012 0.480469 0.437012 0.356445
3 0.296387 0.34375 0.265137 0.34375 0.265137 0.496094 0.296387 0.496094 0.296387 0.34375
3 0.723633 0.31543 0.6831050000000001 0.31543 0.6831050000000001 0.545898 0.723633 0.545898 0.723633 0.31543
2 0.293945 0.408203 0.266113 0.408203 0.266113 0.513672 0.293945 0.513672 0.293945 0.408203