0 0.583008 0.418945 0.553223 0.418945 0.553223 0.46582 0.583008 0.46582 0.583008 0.418945
3 0.026855 0.44043 0.003418 0.44043 0.003418 0.564453 0.026855 0.564453 0.026855 0.44043
0 0.33252000000000004 0.44238299999999997 0.30957 0.44238299999999997 0.30957 0.47949200000000003 0.33252000000000004 0.47949200000000003 0.33252000000000004 0.44238299999999997
0 0.26709 0.44531200000000004 0.241211 0.44531200000000004 0.241211 0.500977 0.26709 0.500977 0.26709 0.44531200000000004
0 0.376953 0.44335899999999995 0.35595699999999997 0.44335899999999995 0.35595699999999997 0.46972699999999995 0.376953 0.46972699999999995 0.376953 0.44335899999999995
0 0.296875 0.45214800000000005 0.275391 0.45214800000000005 0.275391 0.49023399999999995 0.296875 0.49023399999999995 0.296875 0.45214800000000005
0 0.937988 0.362305 0.768555 0.362305 0.768555 0.599609 0.937988 0.599609 0.937988 0.362305
0 0.184082 0.44824200000000003 0.100586 0.44824200000000003 0.100586 0.539062 0.184082 0.539062 0.184082 0.44824200000000003
0 0.999512 0.337891 0.8623049999999999 0.337891 0.8623049999999999 0.674805 0.999512 0.674805 0.999512 0.337891
0 0.22802699999999998 0.450195 0.180664 0.450195 0.180664 0.513672 0.22802699999999998 0.513672 0.22802699999999998 0.450195
0 0.248047 0.446289 0.217773 0.446289 0.217773 0.5068360000000001 0.248047 0.5068360000000001 0.248047 0.446289