0 0.41699200000000003 0.46582 0.446777 0.46582 0.446777 0.418945 0.41699200000000003 0.418945 0.41699200000000003 0.46582
3 0.973145 0.564453 0.9965820000000001 0.564453 0.9965820000000001 0.44043 0.973145 0.44043 0.973145 0.564453
0 0.6674800000000001 0.47949200000000003 0.69043 0.47949200000000003 0.69043 0.44238299999999997 0.6674800000000001 0.44238299999999997 0.6674800000000001 0.47949200000000003
0 0.7329100000000001 0.500977 0.7587889999999999 0.500977 0.7587889999999999 0.44531200000000004 0.7329100000000001 0.44531200000000004 0.7329100000000001 0.500977
0 0.623047 0.46972699999999995 0.644043 0.46972699999999995 0.644043 0.44335899999999995 0.623047 0.44335899999999995 0.623047 0.46972699999999995
0 0.703125 0.49023399999999995 0.724609 0.49023399999999995 0.724609 0.45214800000000005 0.703125 0.45214800000000005 0.703125 0.49023399999999995
0 0.062012 0.599609 0.23144499999999998 0.599609 0.23144499999999998 0.362305 0.062012 0.362305 0.062012 0.599609
0 0.8159179999999999 0.539062 0.8994139999999999 0.539062 0.8994139999999999 0.44824200000000003 0.8159179999999999 0.44824200000000003 0.8159179999999999 0.539062
0 0.000488 0.674805 0.13769499999999998 0.674805 0.13769499999999998 0.337891 0.000488 0.337891 0.000488 0.674805
0 0.771973 0.513672 0.8193360000000001 0.513672 0.8193360000000001 0.450195 0.771973 0.450195 0.771973 0.513672
0 0.751953 0.5068360000000001 0.782227 0.5068360000000001 0.782227 0.446289 0.751953 0.446289 0.751953 0.5068360000000001