0 1 0.40039100000000005 0.9252929999999999 0.40039100000000005 0.9252929999999999 0.536133 1 0.536133 1 0.40039100000000005
3 0.345215 0.47168 0.373535 0.47168 0.373535 0.334961 0.345215 0.334961 0.345215 0.47168
0 0.779297 0.45800799999999997 0.820801 0.45800799999999997 0.820801 0.402344 0.779297 0.402344 0.779297 0.45800799999999997
0 0.511719 0.42675799999999997 0.536133 0.42675799999999997 0.536133 0.386719 0.511719 0.386719 0.511719 0.42675799999999997
0 0.5893550000000001 0.439453 0.624023 0.439453 0.624023 0.394531 0.5893550000000001 0.394531 0.5893550000000001 0.439453
0 1 0.40039100000000005 0.9252929999999999 0.40039100000000005 0.9252929999999999 0.536133 1 0.536133 1 0.40039100000000005
3 0.345215 0.47168 0.373535 0.47168 0.373535 0.334961 0.345215 0.334961 0.345215 0.47168
0 0.779297 0.45800799999999997 0.820801 0.45800799999999997 0.820801 0.402344 0.779297 0.402344 0.779297 0.45800799999999997
3 0.390625 0.433594 0.40771499999999994 0.433594 0.40771499999999994 0.35156200000000004 0.390625 0.35156200000000004 0.390625 0.433594
0 0.8798830000000001 0.45898399999999995 0.9189450000000001 0.45898399999999995 0.9189450000000001 0.41406200000000004 0.8798830000000001 0.41406200000000004 0.8798830000000001 0.45898399999999995
2 0.351074 0.47949200000000003 0.369629 0.47949200000000003 0.369629 0.390625 0.351074 0.390625 0.351074 0.47949200000000003
3 0.390625 0.433594 0.40771499999999994 0.433594 0.40771499999999994 0.35156200000000004 0.390625 0.35156200000000004 0.390625 0.433594
0 0.8798830000000001 0.45898399999999995 0.9189450000000001 0.45898399999999995 0.9189450000000001 0.41406200000000004 0.8798830000000001 0.41406200000000004 0.8798830000000001 0.45898399999999995
2 0.351074 0.47949200000000003 0.369629 0.47949200000000003 0.369629 0.390625 0.351074 0.390625 0.351074 0.47949200000000003
0 0.511719 0.42675799999999997 0.536133 0.42675799999999997 0.536133 0.386719 0.511719 0.386719 0.511719 0.42675799999999997
0 0.5893550000000001 0.439453 0.624023 0.439453 0.624023 0.394531 0.5893550000000001 0.394531 0.5893550000000001 0.439453