3 0.7944340000000001 0.527344 0.8100590000000001 0.527344 0.8100590000000001 0.44043 0.7944340000000001 0.44043 0.7944340000000001 0.527344
0 0.47216800000000003 0.53418 0.537109 0.53418 0.537109 0.42773399999999995 0.47216800000000003 0.42773399999999995 0.47216800000000003 0.53418
0 0.18310500000000002 0.635742 0.37060499999999996 0.635742 0.37060499999999996 0.404297 0.18310500000000002 0.404297 0.18310500000000002 0.635742
3 0.001465 0.581055 0.058105 0.581055 0.058105 0.390625 0.001465 0.390625 0.001465 0.581055
3 0.001465 0.567383 0.041504 0.567383 0.041504 0.391602 0.001465 0.391602 0.001465 0.567383
0 0.354004 0.511719 0.39209 0.511719 0.39209 0.425781 0.354004 0.425781 0.354004 0.511719
3 0.776367 0.5244139999999999 0.795898 0.5244139999999999 0.795898 0.43457 0.776367 0.43457 0.776367 0.5244139999999999
0 0.330566 0.512695 0.371094 0.512695 0.371094 0.417969 0.330566 0.417969 0.330566 0.512695
3 0.933594 0.546875 0.9736330000000001 0.546875 0.9736330000000001 0.379883 0.933594 0.379883 0.933594 0.546875
2 0.8315429999999999 0.558594 0.9160159999999999 0.558594 0.9160159999999999 0.46875 0.8315429999999999 0.46875 0.8315429999999999 0.558594
0 0.380859 0.5244139999999999 0.44238299999999997 0.5244139999999999 0.44238299999999997 0.43457 0.380859 0.43457 0.380859 0.5244139999999999
3 0.12890600000000002 0.595703 0.16796899999999998 0.595703 0.16796899999999998 0.371094 0.12890600000000002 0.371094 0.12890600000000002 0.595703
3 0.041504 0.580078 0.078613 0.580078 0.078613 0.370117 0.041504 0.370117 0.041504 0.580078
0 0.444336 0.48535199999999995 0.475098 0.48535199999999995 0.475098 0.43261700000000003 0.444336 0.43261700000000003 0.444336 0.48535199999999995
3 0.9033200000000001 0.536133 0.9248049999999999 0.536133 0.9248049999999999 0.40332 0.9033200000000001 0.40332 0.9033200000000001 0.536133
3 0.075195 0.601562 0.11962900000000001 0.601562 0.11962900000000001 0.361328 0.075195 0.361328 0.075195 0.601562