3 0.5493159999999999 0.520508 0.572754 0.520508 0.572754 0.359375 0.5493159999999999 0.359375 0.5493159999999999 0.520508
0 0.334961 0.46582 0.38622999999999996 0.46582 0.38622999999999996 0.396484 0.334961 0.396484 0.334961 0.46582
0 0.374023 0.470703 0.43164100000000005 0.470703 0.43164100000000005 0.396484 0.374023 0.396484 0.374023 0.470703
0 0.49658199999999997 0.515625 0.599121 0.515625 0.599121 0.384766 0.49658199999999997 0.384766 0.49658199999999997 0.515625
4 0.670898 0.5556639999999999 0.7587889999999999 0.5556639999999999 0.7587889999999999 0.413086 0.670898 0.413086 0.670898 0.5556639999999999
0 0.046875 0.470703 0.114258 0.470703 0.114258 0.371094 0.046875 0.371094 0.046875 0.470703
0 0.43164100000000005 0.49218799999999996 0.500488 0.49218799999999996 0.500488 0.395508 0.43164100000000005 0.395508 0.43164100000000005 0.49218799999999996
0 0.153809 0.48925799999999997 0.235352 0.48925799999999997 0.235352 0.368164 0.153809 0.368164 0.153809 0.48925799999999997
0 0.294434 0.450195 0.34033199999999997 0.450195 0.34033199999999997 0.390625 0.294434 0.390625 0.294434 0.450195
0 0.31591800000000003 0.455078 0.35497999999999996 0.455078 0.35497999999999996 0.393555 0.31591800000000003 0.393555 0.31591800000000003 0.455078
0 0.28125 0.441406 0.307129 0.441406 0.307129 0.394531 0.28125 0.394531 0.28125 0.441406
0 0.268555 0.4375 0.29834 0.4375 0.29834 0.393555 0.268555 0.393555 0.268555 0.4375