3 0.29247999999999996 0.519531 0.310547 0.519531 0.310547 0.402344 0.29247999999999996 0.402344 0.29247999999999996 0.519531
0 0.444824 0.5400389999999999 0.508301 0.5400389999999999 0.508301 0.441406 0.444824 0.441406 0.444824 0.5400389999999999
3 0.822754 0.542969 0.8452149999999999 0.542969 0.8452149999999999 0.423828 0.822754 0.423828 0.822754 0.542969
3 0.860352 0.543945 0.8798830000000001 0.543945 0.8798830000000001 0.42773399999999995 0.860352 0.42773399999999995 0.860352 0.543945
3 0.8002929999999999 0.541016 0.820801 0.541016 0.820801 0.424805 0.8002929999999999 0.424805 0.8002929999999999 0.541016
3 0.7680659999999999 0.529297 0.7836909999999999 0.529297 0.7836909999999999 0.43164100000000005 0.7680659999999999 0.43164100000000005 0.7680659999999999 0.529297
3 0.8413090000000001 0.541992 0.859863 0.541992 0.859863 0.43261700000000003 0.8413090000000001 0.43261700000000003 0.8413090000000001 0.541992
3 0.385254 0.5 0.396973 0.5 0.396973 0.44043 0.385254 0.44043 0.385254 0.5
3 0.75293 0.52832 0.769043 0.52832 0.769043 0.42968799999999996 0.75293 0.42968799999999996 0.75293 0.52832
3 0.7827149999999999 0.530273 0.797852 0.530273 0.797852 0.43847699999999995 0.7827149999999999 0.43847699999999995 0.7827149999999999 0.530273
3 0.5693360000000001 0.5087889999999999 0.579102 0.5087889999999999 0.579102 0.46972699999999995 0.5693360000000001 0.46972699999999995 0.5693360000000001 0.5087889999999999