3 0.000488 0.7255860000000001 0.214355 0.7255860000000001 0.214355 0.383789 0.000488 0.383789 0.000488 0.7255860000000001
3 0.671875 0.604492 0.835449 0.604492 0.835449 0.392578 0.671875 0.392578 0.671875 0.604492
3 0.7836909999999999 0.488281 0.9184570000000001 0.488281 0.9184570000000001 0.373047 0.7836909999999999 0.373047 0.7836909999999999 0.488281
0 0.263184 0.55957 0.308594 0.55957 0.308594 0.34082 0.263184 0.34082 0.263184 0.55957
3 0.127441 0.6005860000000001 0.260742 0.6005860000000001 0.260742 0.374023 0.127441 0.374023 0.127441 0.6005860000000001
3 0.303711 0.49511700000000003 0.418945 0.49511700000000003 0.418945 0.371094 0.303711 0.371094 0.303711 0.49511700000000003
5 0.786133 0.44726600000000005 0.9711909999999999 0.44726600000000005 0.9711909999999999 0.327148 0.786133 0.327148 0.786133 0.44726600000000005
3 0.49707 0.45214800000000005 0.521484 0.45214800000000005 0.521484 0.394531 0.49707 0.394531 0.49707 0.45214800000000005
5 0.40625 0.46093799999999996 0.504883 0.46093799999999996 0.504883 0.333984 0.40625 0.333984 0.40625 0.46093799999999996
3 0.410156 0.46875 0.473145 0.46875 0.473145 0.37793 0.410156 0.37793 0.410156 0.46875
3 0.165527 0.510742 0.319336 0.510742 0.319336 0.339844 0.165527 0.339844 0.165527 0.510742
3 0.5141600000000001 0.446289 0.5424800000000001 0.446289 0.5424800000000001 0.397461 0.5141600000000001 0.397461 0.5141600000000001 0.446289