3 1 0.397461 0.9121090000000001 0.397461 0.9121090000000001 0.580078 1 0.580078 1 0.397461
1 0.675781 0.635742 0.849121 0.635742 0.849121 0.315527 0.675781 0.315527 0.675781 0.635742
3 0.462402 0.48339800000000005 0.512207 0.48339800000000005 0.512207 0.408203 0.462402 0.408203 0.462402 0.48339800000000005
3 0.592773 0.47168 0.634277 0.47168 0.634277 0.413086 0.592773 0.413086 0.592773 0.47168
3 0.660156 0.52832 0.757812 0.52832 0.757812 0.386719 0.660156 0.386719 0.660156 0.52832
3 0.642578 0.466797 0.666504 0.466797 0.666504 0.413086 0.642578 0.413086 0.642578 0.466797
0 0.3125 0.44043 0.326172 0.44043 0.326172 0.369141 0.3125 0.369141 0.3125 0.44043
3 0.00293 0.47851600000000005 0.138672 0.47851600000000005 0.138672 0.373047 0.00293 0.373047 0.00293 0.47851600000000005
0 0.050293 0.501953 0.086426 0.501953 0.086426 0.327148 0.050293 0.327148 0.050293 0.501953
3 0.631348 0.45800799999999997 0.648926 0.45800799999999997 0.648926 0.41210899999999995 0.631348 0.41210899999999995 0.631348 0.45800799999999997
0 0.8808590000000001 0.477539 0.8974610000000001 0.477539 0.8974610000000001 0.413086 0.8808590000000001 0.413086 0.8808590000000001 0.477539
5 0 0.47656200000000004 0.140137 0.47656200000000004 0.140137 0.37207 0 0.37207 0 0.47656200000000004
3 0.583008 0.45410199999999995 0.600098 0.45410199999999995 0.600098 0.41113299999999997 0.583008 0.41113299999999997 0.583008 0.45410199999999995