3 0 0.580078 0.087891 0.580078 0.087891 0.397461 0 0.397461 0 0.580078
1 0.324219 0.315527 0.150879 0.315527 0.150879 0.635742 0.324219 0.635742 0.324219 0.315527
3 0.537598 0.408203 0.48779300000000003 0.408203 0.48779300000000003 0.48339800000000005 0.537598 0.48339800000000005 0.537598 0.408203
3 0.40722699999999995 0.413086 0.365723 0.413086 0.365723 0.47168 0.40722699999999995 0.47168 0.40722699999999995 0.413086
3 0.339844 0.386719 0.242188 0.386719 0.242188 0.52832 0.339844 0.52832 0.339844 0.386719
3 0.357422 0.413086 0.333496 0.413086 0.333496 0.466797 0.357422 0.466797 0.357422 0.413086
0 0.6875 0.369141 0.673828 0.369141 0.673828 0.44043 0.6875 0.44043 0.6875 0.369141
3 0.9970700000000001 0.373047 0.861328 0.373047 0.861328 0.47851600000000005 0.9970700000000001 0.47851600000000005 0.9970700000000001 0.373047
0 0.9497070000000001 0.327148 0.913574 0.327148 0.913574 0.501953 0.9497070000000001 0.501953 0.9497070000000001 0.327148
3 0.368652 0.41210899999999995 0.351074 0.41210899999999995 0.351074 0.45800799999999997 0.368652 0.45800799999999997 0.368652 0.41210899999999995
0 0.11914100000000001 0.413086 0.102539 0.413086 0.102539 0.477539 0.11914100000000001 0.477539 0.11914100000000001 0.413086
5 1 0.37207 0.859863 0.37207 0.859863 0.47656200000000004 1 0.47656200000000004 1 0.37207
3 0.41699200000000003 0.41113299999999997 0.399902 0.41113299999999997 0.399902 0.45410199999999995 0.41699200000000003 0.45410199999999995 0.41699200000000003 0.41113299999999997