3 0.337402 0.392578 0.263184 0.392578 0.263184 0.49218799999999996 0.337402 0.49218799999999996 0.337402 0.392578
3 0.268555 0.394531 0.205566 0.394531 0.205566 0.47656200000000004 0.268555 0.47656200000000004 0.268555 0.394531
3 0.364258 0.393555 0.320801 0.393555 0.320801 0.477539 0.364258 0.477539 0.364258 0.393555
1 0.8339840000000001 0.346777 0.808594 0.346777 0.808594 0.496094 0.8339840000000001 0.496094 0.8339840000000001 0.346777
0 0.886719 0.352539 0.8618159999999999 0.352539 0.8618159999999999 0.48535199999999995 0.886719 0.48535199999999995 0.886719 0.352539
1 0.786621 0.36191399999999996 0.762598 0.36191399999999996 0.762598 0.48339800000000005 0.786621 0.48339800000000005 0.786621 0.36191399999999996
0 0.8623049999999999 0.344727 0.845703 0.344727 0.845703 0.46777300000000005 0.8623049999999999 0.46777300000000005 0.8623049999999999 0.344727
0 0.6987300000000001 0.387695 0.686523 0.387695 0.686523 0.449219 0.6987300000000001 0.449219 0.6987300000000001 0.387695
0 0.6694340000000001 0.375 0.656738 0.375 0.656738 0.450195 0.6694340000000001 0.450195 0.6694340000000001 0.375
0 0.655762 0.375 0.6430659999999999 0.375 0.6430659999999999 0.45800799999999997 0.655762 0.45800799999999997 0.655762 0.375
3 0.48925799999999997 0.40527300000000005 0.47216800000000003 0.40527300000000005 0.47216800000000003 0.43164100000000005 0.48925799999999997 0.43164100000000005 0.48925799999999997 0.40527300000000005