3 0.17578100000000002 0.513672 0.249512 0.513672 0.249512 0.404297 0.17578100000000002 0.404297 0.17578100000000002 0.513672
3 0.6875 0.9326169999999999 0.999023 0.9326169999999999 0.999023 0.358398 0.6875 0.358398 0.6875 0.9326169999999999
3 0.579102 0.6005860000000001 0.705078 0.6005860000000001 0.705078 0.397461 0.579102 0.397461 0.579102 0.6005860000000001
3 0.530762 0.527344 0.598633 0.527344 0.598633 0.408203 0.530762 0.408203 0.530762 0.527344
3 0.345703 0.536133 0.40527300000000005 0.536133 0.40527300000000005 0.402344 0.345703 0.402344 0.345703 0.536133
3 0.22168000000000002 0.607422 0.376953 0.607422 0.376953 0.397461 0.22168000000000002 0.397461 0.22168000000000002 0.607422
3 0.106934 0.509766 0.166992 0.509766 0.166992 0.396484 0.106934 0.396484 0.106934 0.509766
3 0.40527300000000005 0.48925799999999997 0.431152 0.48925799999999997 0.431152 0.417969 0.40527300000000005 0.417969 0.40527300000000005 0.48925799999999997
3 0.42041000000000006 0.47460899999999995 0.445801 0.47460899999999995 0.445801 0.41601600000000005 0.42041000000000006 0.41601600000000005 0.42041000000000006 0.47460899999999995
3 0.397949 0.501953 0.41943400000000003 0.501953 0.41943400000000003 0.417969 0.397949 0.417969 0.397949 0.501953
3 0.437988 0.461914 0.45458999999999994 0.461914 0.45458999999999994 0.421875 0.437988 0.421875 0.437988 0.461914
3 0.503418 0.46972699999999995 0.519043 0.46972699999999995 0.519043 0.41699200000000003 0.503418 0.41699200000000003 0.503418 0.46972699999999995
3 0.414551 0.477539 0.441406 0.477539 0.441406 0.415039 0.414551 0.415039 0.414551 0.477539