3 0.999512 0.339844 0.737305 0.339844 0.737305 0.827148 0.999512 0.827148 0.999512 0.339844
3 0.796387 0.366211 0.647949 0.366211 0.647949 0.611328 0.796387 0.611328 0.796387 0.366211
3 0.667969 0.41406200000000004 0.597168 0.41406200000000004 0.597168 0.53418 0.667969 0.53418 0.667969 0.41406200000000004
3 0.5869139999999999 0.42089800000000005 0.555176 0.42089800000000005 0.555176 0.48535199999999995 0.5869139999999999 0.48535199999999995 0.5869139999999999 0.42089800000000005
3 0.638672 0.40332 0.576172 0.40332 0.576172 0.515625 0.638672 0.515625 0.638672 0.40332
3 0.527344 0.418945 0.507324 0.418945 0.507324 0.45214800000000005 0.527344 0.45214800000000005 0.527344 0.418945
1 0.281738 0.396875 0.26122999999999996 0.396875 0.26122999999999996 0.515625 0.281738 0.515625 0.281738 0.396875
0 0.344238 0.40625 0.330078 0.40625 0.330078 0.48535199999999995 0.344238 0.48535199999999995 0.344238 0.40625
1 0.182129 0.384375 0.149414 0.384375 0.149414 0.543945 0.182129 0.543945 0.182129 0.384375
1 0.36377000000000004 0.407129 0.351074 0.407129 0.351074 0.49023399999999995 0.36377000000000004 0.49023399999999995 0.36377000000000004 0.407129
3 0.552246 0.42285199999999995 0.5336909999999999 0.42285199999999995 0.5336909999999999 0.453125 0.552246 0.453125 0.552246 0.42285199999999995