1 0.512207 0.533203 0.5893550000000001 0.533203 0.5893550000000001 0.37832 0.512207 0.37832 0.512207 0.533203
1 0.000488 0.557617 0.083008 0.557617 0.083008 0.41699200000000003 0.000488 0.41699200000000003 0.000488 0.557617
1 0.26709 0.547852 0.342285 0.547852 0.342285 0.425781 0.26709 0.425781 0.26709 0.547852
1 0.35791 0.533203 0.428711 0.533203 0.428711 0.43652300000000005 0.35791 0.43652300000000005 0.35791 0.533203
0 0.423828 0.543945 0.459473 0.543945 0.459473 0.373047 0.423828 0.373047 0.423828 0.543945
3 0.5766600000000001 0.461914 0.608398 0.461914 0.608398 0.418945 0.5766600000000001 0.418945 0.5766600000000001 0.461914
0 0.6733399999999999 0.541016 0.711426 0.541016 0.711426 0.373047 0.6733399999999999 0.373047 0.6733399999999999 0.541016
3 0.7006840000000001 0.535156 0.765625 0.535156 0.765625 0.41601600000000005 0.7006840000000001 0.41601600000000005 0.7006840000000001 0.535156
3 0.6206050000000001 0.482422 0.6450199999999999 0.482422 0.6450199999999999 0.415039 0.6206050000000001 0.415039 0.6206050000000001 0.482422
3 0.6318360000000001 0.488281 0.659668 0.488281 0.659668 0.41699200000000003 0.6318360000000001 0.41699200000000003 0.6318360000000001 0.488281
3 0.6547850000000001 0.505859 0.679688 0.505859 0.679688 0.41699200000000003 0.6547850000000001 0.41699200000000003 0.6547850000000001 0.505859
1 0.8579100000000001 0.598633 0.9277340000000001 0.598633 0.9277340000000001 0.4375 0.8579100000000001 0.4375 0.8579100000000001 0.598633
3 0.5610350000000001 0.44531200000000004 0.583984 0.44531200000000004 0.583984 0.41699200000000003 0.5610350000000001 0.41699200000000003 0.5610350000000001 0.44531200000000004
0 0.393066 0.496094 0.412598 0.496094 0.412598 0.394531 0.393066 0.394531 0.393066 0.496094
3 0.408203 0.44335899999999995 0.430664 0.44335899999999995 0.430664 0.39843799999999996 0.408203 0.39843799999999996 0.408203 0.44335899999999995
3 0.45068400000000003 0.430664 0.468262 0.430664 0.468262 0.395508 0.45068400000000003 0.395508 0.45068400000000003 0.430664
1 0.18456999999999998 0.49902300000000005 0.244141 0.49902300000000005 0.244141 0.408203 0.18456999999999998 0.408203 0.18456999999999998 0.49902300000000005