3 0.000488 0.712891 0.11914100000000001 0.712891 0.11914100000000001 0.333008 0.000488 0.333008 0.000488 0.712891
3 0.793945 0.609375 0.9501950000000001 0.609375 0.9501950000000001 0.4375 0.793945 0.4375 0.793945 0.609375
3 0.709473 0.544922 0.790527 0.544922 0.790527 0.439453 0.709473 0.439453 0.709473 0.544922
3 0.22705099999999998 0.525391 0.30908199999999997 0.525391 0.30908199999999997 0.418945 0.22705099999999998 0.418945 0.22705099999999998 0.525391
3 0.644531 0.526367 0.719238 0.526367 0.719238 0.43652300000000005 0.644531 0.43652300000000005 0.644531 0.526367
0 0.41162099999999996 0.50293 0.43164100000000005 0.50293 0.43164100000000005 0.41406200000000004 0.41162099999999996 0.41406200000000004 0.41162099999999996 0.50293
3 0.291504 0.511719 0.333008 0.511719 0.333008 0.419922 0.291504 0.419922 0.291504 0.511719
0 0.381836 0.504883 0.40380900000000003 0.504883 0.40380900000000003 0.404297 0.381836 0.404297 0.381836 0.504883
3 0.511719 0.47949200000000003 0.545898 0.47949200000000003 0.545898 0.425781 0.511719 0.425781 0.511719 0.47949200000000003
0 0.930176 0.556641 0.964844 0.556641 0.964844 0.397461 0.930176 0.397461 0.930176 0.556641
3 0.49511700000000003 0.46777300000000005 0.515625 0.46777300000000005 0.515625 0.430664 0.49511700000000003 0.430664 0.49511700000000003 0.46777300000000005
0 0.211914 0.49511700000000003 0.23046899999999998 0.49511700000000003 0.23046899999999998 0.390625 0.211914 0.390625 0.211914 0.49511700000000003
0 0.06689500000000001 0.47460899999999995 0.09082 0.47460899999999995 0.09082 0.360352 0.06689500000000001 0.360352 0.06689500000000001 0.47460899999999995
3 0.353516 0.487305 0.377441 0.487305 0.377441 0.419922 0.353516 0.419922 0.353516 0.487305
5 0.290527 0.498047 0.35497999999999996 0.498047 0.35497999999999996 0.364258 0.290527 0.364258 0.290527 0.498047
5 1 0.358398 0.9497070000000001 0.358398 0.9497070000000001 0.551758 1 0.551758 1 0.358398
0 0.180176 0.48925799999999997 0.193848 0.48925799999999997 0.193848 0.393555 0.180176 0.393555 0.180176 0.48925799999999997
3 0.603027 0.498047 0.632324 0.498047 0.632324 0.435547 0.603027 0.435547 0.603027 0.498047
0 0.8422850000000001 0.441406 0.861328 0.441406 0.861328 0.40918 0.8422850000000001 0.40918 0.8422850000000001 0.441406
3 0.625 0.505859 0.6518550000000001 0.505859 0.6518550000000001 0.433594 0.625 0.433594 0.625 0.505859
0 0.140625 0.498047 0.15625 0.498047 0.15625 0.378906 0.140625 0.378906 0.140625 0.498047