3 0.6762699999999999 0.563477 0.782227 0.563477 0.782227 0.41699200000000003 0.6762699999999999 0.41699200000000003 0.6762699999999999 0.563477
3 0.496094 0.46582 0.5288090000000001 0.46582 0.5288090000000001 0.41210899999999995 0.496094 0.41210899999999995 0.496094 0.46582
0 0.804199 0.46386700000000003 0.8378909999999999 0.46386700000000003 0.8378909999999999 0.375977 0.804199 0.375977 0.804199 0.46386700000000003
1 0.13671899999999998 0.53418 0.181152 0.53418 0.181152 0.40136700000000003 0.13671899999999998 0.40136700000000003 0.13671899999999998 0.53418
1 0.88623 0.655273 0.999512 0.655273 0.999512 0.459961 0.88623 0.459961 0.88623 0.655273
3 0.344727 0.561523 0.439453 0.561523 0.439453 0.394531 0.344727 0.394531 0.344727 0.561523
3 0.425781 0.504883 0.468262 0.504883 0.468262 0.40625 0.425781 0.40625 0.425781 0.504883
3 0.553223 0.464844 0.577148 0.464844 0.577148 0.41601600000000005 0.553223 0.41601600000000005 0.553223 0.464844
3 0.5356449999999999 0.44824200000000003 0.5537110000000001 0.44824200000000003 0.5537110000000001 0.41601600000000005 0.5356449999999999 0.41601600000000005 0.5356449999999999 0.44824200000000003
1 0.17334 0.517578 0.206543 0.517578 0.206543 0.392578 0.17334 0.392578 0.17334 0.517578
3 0.597168 0.5 0.620117 0.5 0.620117 0.408203 0.597168 0.408203 0.597168 0.5
1 0.839355 0.634766 0.936523 0.634766 0.936523 0.4375 0.839355 0.4375 0.839355 0.634766
3 0.642578 0.52832 0.7431639999999999 0.52832 0.7431639999999999 0.364258 0.642578 0.364258 0.642578 0.52832
5 0.641602 0.526367 0.746094 0.526367 0.746094 0.364258 0.641602 0.364258 0.641602 0.526367
3 0.461426 0.46972699999999995 0.48339800000000005 0.46972699999999995 0.48339800000000005 0.40527300000000005 0.461426 0.40527300000000005 0.461426 0.46972699999999995
3 0.567383 0.47949200000000003 0.588867 0.47949200000000003 0.588867 0.41699200000000003 0.567383 0.41699200000000003 0.567383 0.47949200000000003
1 0.786621 0.606445 0.8940429999999999 0.606445 0.8940429999999999 0.433594 0.786621 0.433594 0.786621 0.606445
3 0.568359 0.480469 0.598633 0.480469 0.598633 0.41601600000000005 0.568359 0.41601600000000005 0.568359 0.480469
1 0.62207 0.545898 0.644531 0.545898 0.644531 0.38027299999999997 0.62207 0.38027299999999997 0.62207 0.545898
1 0.786133 0.604492 0.854004 0.604492 0.854004 0.45800799999999997 0.786133 0.45800799999999997 0.786133 0.604492