3 0.162598 0.589844 0.345215 0.589844 0.345215 0.378906 0.162598 0.378906 0.162598 0.589844
5 0.6337889999999999 0.673828 0.9013669999999999 0.673828 0.9013669999999999 0.217773 0.6337889999999999 0.217773 0.6337889999999999 0.673828
3 0.537109 0.5068360000000001 0.608887 0.5068360000000001 0.608887 0.40722699999999995 0.537109 0.40722699999999995 0.537109 0.5068360000000001
3 0.874023 0.620117 0.969238 0.620117 0.969238 0.399414 0.874023 0.399414 0.874023 0.620117
3 0.491699 0.475586 0.533203 0.475586 0.533203 0.413086 0.491699 0.413086 0.491699 0.475586
3 0.47021499999999994 0.46386700000000003 0.49658199999999997 0.46386700000000003 0.49658199999999997 0.41699200000000003 0.47021499999999994 0.41699200000000003 0.47021499999999994 0.46386700000000003
3 0.431152 0.449219 0.45556599999999997 0.449219 0.45556599999999997 0.41699200000000003 0.431152 0.41699200000000003 0.431152 0.449219
3 0.41113299999999997 0.44531200000000004 0.43212900000000004 0.44531200000000004 0.43212900000000004 0.415039 0.41113299999999997 0.415039 0.41113299999999997 0.44531200000000004
3 0.181641 0.423828 0.22509800000000002 0.423828 0.22509800000000002 0.36718799999999996 0.181641 0.36718799999999996 0.181641 0.423828
5 0.5952149999999999 0.498047 0.641602 0.498047 0.641602 0.383789 0.5952149999999999 0.383789 0.5952149999999999 0.498047
5 0 0.475586 0.118164 0.475586 0.118164 0.261719 0 0.261719 0 0.475586