3 0.453613 0.408203 0.388672 0.408203 0.388672 0.50293 0.453613 0.50293 0.453613 0.408203
3 0.641113 0.404297 0.594238 0.404297 0.594238 0.464844 0.641113 0.464844 0.641113 0.404297
3 0.477539 0.413086 0.443848 0.413086 0.443848 0.48925799999999997 0.477539 0.48925799999999997 0.477539 0.413086
3 0.520508 0.41406200000000004 0.476074 0.41406200000000004 0.476074 0.475586 0.520508 0.475586 0.520508 0.41406200000000004
0 0.352539 0.40039100000000005 0.333496 0.40039100000000005 0.333496 0.50293 0.352539 0.50293 0.352539 0.40039100000000005
0 0.89502 0.357422 0.874023 0.357422 0.874023 0.459961 0.89502 0.459961 0.89502 0.357422
3 0.543945 0.40918 0.515137 0.40918 0.515137 0.46386700000000003 0.543945 0.46386700000000003 0.543945 0.40918
5 0.597656 0.376953 0.5537110000000001 0.376953 0.5537110000000001 0.45214800000000005 0.597656 0.45214800000000005 0.597656 0.376953
1 0.109863 0.435547 0.04834 0.435547 0.04834 0.517578 0.109863 0.517578 0.109863 0.435547
1 0.8183590000000001 0.402344 0.7900389999999999 0.402344 0.7900389999999999 0.517578 0.8183590000000001 0.517578 0.8183590000000001 0.402344
3 0.556152 0.408203 0.539551 0.408203 0.539551 0.459961 0.556152 0.459961 0.556152 0.408203
5 0 0.683594 0.052734 0.683594 0.052734 0.395508 0 0.395508 0 0.683594
1 0.187012 0.428711 0.143066 0.428711 0.143066 0.503906 0.187012 0.503906 0.187012 0.428711