3 0.526367 0.500977 0.5825199999999999 0.500977 0.5825199999999999 0.42675799999999997 0.526367 0.42675799999999997 0.526367 0.500977
3 0.36718799999999996 0.514648 0.433594 0.514648 0.433594 0.40039100000000005 0.36718799999999996 0.40039100000000005 0.36718799999999996 0.514648
1 0.787109 0.557617 0.817871 0.557617 0.817871 0.40830099999999997 0.787109 0.40830099999999997 0.787109 0.557617
1 0.689453 0.5224610000000001 0.7099610000000001 0.5224610000000001 0.7099610000000001 0.41748 0.689453 0.41748 0.689453 0.5224610000000001
3 0.22607400000000002 0.53418 0.31543 0.53418 0.31543 0.373047 0.22607400000000002 0.373047 0.22607400000000002 0.53418
3 0.510742 0.481445 0.541016 0.481445 0.541016 0.425781 0.510742 0.425781 0.510742 0.481445
3 0.283203 0.5 0.337402 0.5 0.337402 0.369141 0.283203 0.369141 0.283203 0.5
1 0.664551 0.520508 0.682129 0.520508 0.682129 0.40918 0.664551 0.40918 0.664551 0.520508
3 0.445801 0.46777300000000005 0.47656200000000004 0.46777300000000005 0.47656200000000004 0.41699200000000003 0.445801 0.41699200000000003 0.445801 0.46777300000000005
3 0.358887 0.46289100000000005 0.380371 0.46289100000000005 0.380371 0.40039100000000005 0.358887 0.40039100000000005 0.358887 0.46289100000000005
3 0.332031 0.44726600000000005 0.34814500000000004 0.44726600000000005 0.34814500000000004 0.40918 0.332031 0.40918 0.332031 0.44726600000000005
3 0.42773399999999995 0.466797 0.45556599999999997 0.466797 0.45556599999999997 0.42773399999999995 0.42773399999999995 0.42773399999999995 0.42773399999999995 0.466797