3 0.437988 0.582031 0.567871 0.582031 0.567871 0.370117 0.437988 0.370117 0.437988 0.582031
3 0.684082 0.482422 0.756348 0.482422 0.756348 0.389648 0.684082 0.389648 0.684082 0.482422
1 0.325684 0.48339800000000005 0.371094 0.48339800000000005 0.371094 0.386719 0.325684 0.386719 0.325684 0.48339800000000005
3 0.646484 0.459961 0.695801 0.459961 0.695801 0.383789 0.646484 0.383789 0.646484 0.459961
1 0.22363300000000003 0.477539 0.26122999999999996 0.477539 0.26122999999999996 0.371094 0.22363300000000003 0.371094 0.22363300000000003 0.477539
1 0.0078119999999999995 0.543945 0.09277300000000001 0.543945 0.09277300000000001 0.373047 0.0078119999999999995 0.373047 0.0078119999999999995 0.543945
1 0.108398 0.509766 0.161621 0.509766 0.161621 0.366211 0.108398 0.366211 0.108398 0.509766
3 0.583008 0.430664 0.646973 0.430664 0.646973 0.385742 0.583008 0.385742 0.583008 0.430664
1 0.056152 0.516602 0.132324 0.516602 0.132324 0.364258 0.056152 0.364258 0.056152 0.516602
4 0.475098 0.41699200000000003 0.557617 0.41699200000000003 0.557617 0.291992 0.475098 0.291992 0.475098 0.41699200000000003
3 0.380371 0.418945 0.42675799999999997 0.418945 0.42675799999999997 0.375 0.380371 0.375 0.380371 0.418945