3 0.446289 0.52832 0.5327149999999999 0.52832 0.5327149999999999 0.40039100000000005 0.446289 0.40039100000000005 0.446289 0.52832
3 0.742676 0.5712889999999999 0.8681639999999999 0.5712889999999999 0.8681639999999999 0.41699200000000003 0.742676 0.41699200000000003 0.742676 0.5712889999999999
3 0.664062 0.507812 0.7319340000000001 0.507812 0.7319340000000001 0.410156 0.664062 0.410156 0.664062 0.507812
3 1 0.40625 0.933105 0.40625 0.933105 0.648438 1 0.648438 1 0.40625
4 0.313477 0.493164 0.459473 0.493164 0.459473 0.30468799999999996 0.313477 0.30468799999999996 0.313477 0.493164
0 0.310547 0.541016 0.35156200000000004 0.541016 0.35156200000000004 0.375 0.310547 0.375 0.310547 0.541016
0 0.338379 0.541016 0.37207 0.541016 0.37207 0.36718799999999996 0.338379 0.36718799999999996 0.338379 0.541016
3 0.515625 0.491211 0.547852 0.491211 0.547852 0.399414 0.515625 0.399414 0.515625 0.491211
4 0.640137 0.455078 0.689453 0.455078 0.689453 0.379883 0.640137 0.379883 0.640137 0.455078
0 0.9345700000000001 0.525391 0.9497070000000001 0.525391 0.9497070000000001 0.424805 0.9345700000000001 0.424805 0.9345700000000001 0.525391
1 0.09814500000000001 0.49511700000000003 0.166016 0.49511700000000003 0.166016 0.394531 0.09814500000000001 0.394531 0.09814500000000001 0.49511700000000003
0 0.8725590000000001 0.516602 0.889648 0.516602 0.889648 0.425781 0.8725590000000001 0.425781 0.8725590000000001 0.516602