2 0.732422 0.617188 0.925781 0.617188 0.925781 0.384766 0.732422 0.384766 0.732422 0.617188
1 0.372559 0.607422 0.44238299999999997 0.607422 0.44238299999999997 0.45410199999999995 0.372559 0.45410199999999995 0.372559 0.607422
0 0.549805 0.503906 0.573242 0.503906 0.573242 0.384766 0.549805 0.384766 0.549805 0.503906
2 1 0.395508 0.9775389999999999 0.395508 0.9775389999999999 0.5244139999999999 1 0.5244139999999999 1 0.395508
1 0 0.75293 0.036621 0.75293 0.036621 0.549805 0 0.549805 0 0.75293
0 0.957031 0.47656200000000004 0.972656 0.47656200000000004 0.972656 0.392578 0.957031 0.392578 0.957031 0.47656200000000004
0 0.322754 0.49902300000000005 0.34716800000000003 0.49902300000000005 0.34716800000000003 0.375977 0.322754 0.375977 0.322754 0.49902300000000005
0 0.519043 0.5 0.543457 0.5 0.543457 0.375 0.519043 0.375 0.519043 0.5
0 0.904297 0.47460899999999995 0.92627 0.47460899999999995 0.92627 0.376953 0.904297 0.376953 0.904297 0.47460899999999995
1 0.320801 0.519531 0.378906 0.519531 0.378906 0.433594 0.320801 0.433594 0.320801 0.519531
0 0.346191 0.493164 0.367676 0.493164 0.367676 0.380859 0.346191 0.380859 0.346191 0.493164
0 0.385254 0.573242 0.435547 0.573242 0.435547 0.341797 0.385254 0.341797 0.385254 0.573242
0 0.605469 0.477539 0.635742 0.477539 0.635742 0.40918 0.605469 0.40918 0.605469 0.477539