2 0.267578 0.384766 0.07421900000000001 0.384766 0.07421900000000001 0.617188 0.267578 0.617188 0.267578 0.384766
1 0.6274409999999999 0.45410199999999995 0.557617 0.45410199999999995 0.557617 0.607422 0.6274409999999999 0.607422 0.6274409999999999 0.45410199999999995
0 0.450195 0.384766 0.42675799999999997 0.384766 0.42675799999999997 0.503906 0.450195 0.503906 0.450195 0.384766
2 0 0.5244139999999999 0.022461000000000002 0.5244139999999999 0.022461000000000002 0.395508 0 0.395508 0 0.5244139999999999
1 1 0.549805 0.963379 0.549805 0.963379 0.75293 1 0.75293 1 0.549805
0 0.042969 0.392578 0.027344 0.392578 0.027344 0.47656200000000004 0.042969 0.47656200000000004 0.042969 0.392578
0 0.677246 0.375977 0.652832 0.375977 0.652832 0.49902300000000005 0.677246 0.49902300000000005 0.677246 0.375977
0 0.48095699999999997 0.375 0.45654300000000003 0.375 0.45654300000000003 0.5 0.48095699999999997 0.5 0.48095699999999997 0.375
0 0.09570300000000001 0.376953 0.07372999999999999 0.376953 0.07372999999999999 0.47460899999999995 0.09570300000000001 0.47460899999999995 0.09570300000000001 0.376953
1 0.679199 0.433594 0.621094 0.433594 0.621094 0.519531 0.679199 0.519531 0.679199 0.433594
0 0.6538090000000001 0.380859 0.632324 0.380859 0.632324 0.493164 0.6538090000000001 0.493164 0.6538090000000001 0.380859
0 0.614746 0.341797 0.564453 0.341797 0.564453 0.573242 0.614746 0.573242 0.614746 0.341797
0 0.394531 0.40918 0.364258 0.40918 0.364258 0.477539 0.394531 0.477539 0.394531 0.40918