2 0.999512 0.389648 0.8496090000000001 0.389648 0.8496090000000001 0.873047 0.999512 0.873047 0.999512 0.389648
2 0.9340820000000001 0.385742 0.8002929999999999 0.385742 0.8002929999999999 0.697266 0.9340820000000001 0.697266 0.9340820000000001 0.385742
0 0.46728500000000006 0.353516 0.439453 0.353516 0.439453 0.53418 0.46728500000000006 0.53418 0.46728500000000006 0.353516
0 0.34814500000000004 0.290039 0.296875 0.290039 0.296875 0.592773 0.34814500000000004 0.592773 0.34814500000000004 0.290039
1 0.39843799999999996 0.392578 0.321289 0.392578 0.321289 0.634766 0.39843799999999996 0.634766 0.39843799999999996 0.392578
0 0.5400389999999999 0.344727 0.48583999999999994 0.344727 0.48583999999999994 0.59375 0.5400389999999999 0.59375 0.5400389999999999 0.344727
0 0.776367 0.40918 0.755371 0.40918 0.755371 0.521484 0.776367 0.521484 0.776367 0.40918
1 0.5380860000000001 0.45214800000000005 0.477051 0.45214800000000005 0.477051 0.625977 0.5380860000000001 0.625977 0.5380860000000001 0.45214800000000005
2 0.836426 0.41699200000000003 0.7827149999999999 0.41699200000000003 0.7827149999999999 0.617188 0.836426 0.617188 0.836426 0.41699200000000003
6 0.670898 0.369141 0.549805 0.369141 0.549805 0.550781 0.670898 0.550781 0.670898 0.369141
6 0.873047 0.336914 0.7836909999999999 0.336914 0.7836909999999999 0.59082 0.873047 0.59082 0.873047 0.336914