3 0.6787110000000001 0.541992 0.8974610000000001 0.541992 0.8974610000000001 0.394531 0.6787110000000001 0.394531 0.6787110000000001 0.541992
0 1 0.27832 0.925781 0.27832 0.925781 0.669922 1 0.669922 1 0.27832
1 0.059082 0.657227 0.197266 0.657227 0.197266 0.38622999999999996 0.059082 0.38622999999999996 0.059082 0.657227
1 0.5961909999999999 0.519531 0.677734 0.519531 0.677734 0.410156 0.5961909999999999 0.410156 0.5961909999999999 0.519531
1 0.5288090000000001 0.52832 0.614746 0.52832 0.614746 0.41113299999999997 0.5288090000000001 0.41113299999999997 0.5288090000000001 0.52832
1 0.330566 0.597656 0.446289 0.597656 0.446289 0.34892599999999996 0.330566 0.34892599999999996 0.330566 0.597656
3 0.291992 0.548828 0.35497999999999996 0.548828 0.35497999999999996 0.428711 0.291992 0.428711 0.291992 0.548828
3 0.8725590000000001 0.511719 0.9326169999999999 0.511719 0.9326169999999999 0.368164 0.8725590000000001 0.368164 0.8725590000000001 0.511719
3 0 0.8466799999999999 0.040527 0.8466799999999999 0.040527 0.549805 0 0.549805 0 0.8466799999999999
3 0.16796899999999998 0.49414100000000005 0.192383 0.49414100000000005 0.192383 0.433594 0.16796899999999998 0.433594 0.16796899999999998 0.49414100000000005
3 0.037108999999999996 0.608398 0.181152 0.608398 0.181152 0.42773399999999995 0.037108999999999996 0.42773399999999995 0.037108999999999996 0.608398
1 0.45654300000000003 0.525391 0.484863 0.525391 0.484863 0.42773399999999995 0.45654300000000003 0.42773399999999995 0.45654300000000003 0.525391
1 0.193262 0.539062 0.219551 0.539062 0.219551 0.393652 0.193262 0.393652 0.193262 0.539062
3 0.27783199999999997 0.510742 0.30908199999999997 0.510742 0.30908199999999997 0.42968799999999996 0.27783199999999997 0.42968799999999996 0.27783199999999997 0.510742
0 1 0.291016 0.9702149999999999 0.291016 0.9702149999999999 0.621094 1 0.621094 1 0.291016
3 0.26904300000000003 0.5 0.291992 0.5 0.291992 0.433594 0.26904300000000003 0.433594 0.26904300000000003 0.5