2 0.5024409999999999 0.491211 0.5556639999999999 0.491211 0.5556639999999999 0.397461 0.5024409999999999 0.397461 0.5024409999999999 0.491211
1 0.317871 0.640625 0.478027 0.640625 0.478027 0.456055 0.317871 0.456055 0.317871 0.640625
2 0.56543 0.477539 0.601074 0.477539 0.601074 0.433594 0.56543 0.433594 0.56543 0.477539
0 0.380859 0.642578 0.43847699999999995 0.642578 0.43847699999999995 0.34375 0.380859 0.34375 0.380859 0.642578
0 0.803223 0.516602 0.826172 0.516602 0.826172 0.379883 0.803223 0.379883 0.803223 0.516602
0 0.142578 0.466797 0.176758 0.466797 0.176758 0.322266 0.142578 0.322266 0.142578 0.466797
0 0.762695 0.493164 0.781738 0.493164 0.781738 0.392578 0.762695 0.392578 0.762695 0.493164
0 0.696777 0.514648 0.7275389999999999 0.514648 0.7275389999999999 0.374023 0.696777 0.374023 0.696777 0.514648
0 0.7836909999999999 0.5 0.8037110000000001 0.5 0.8037110000000001 0.397461 0.7836909999999999 0.397461 0.7836909999999999 0.5
0 0.745117 0.49023399999999995 0.762207 0.49023399999999995 0.762207 0.40722699999999995 0.745117 0.40722699999999995 0.745117 0.49023399999999995
0 0.679688 0.48339800000000005 0.692871 0.48339800000000005 0.692871 0.40332 0.679688 0.40332 0.679688 0.48339800000000005
0 0.65918 0.481445 0.672852 0.481445 0.672852 0.40722699999999995 0.65918 0.40722699999999995 0.65918 0.481445
0 0.8212889999999999 0.498047 0.8413090000000001 0.498047 0.8413090000000001 0.389648 0.8212889999999999 0.389648 0.8212889999999999 0.498047
1 0.701172 0.536133 0.722656 0.536133 0.722656 0.43261700000000003 0.701172 0.43261700000000003 0.701172 0.536133
0 0.30908199999999997 0.42773399999999995 0.330566 0.42773399999999995 0.330566 0.350586 0.30908199999999997 0.350586 0.30908199999999997 0.42773399999999995
2 0.47216800000000003 0.464844 0.49462900000000004 0.464844 0.49462900000000004 0.43261700000000003 0.47216800000000003 0.43261700000000003 0.47216800000000003 0.464844
0 0.932129 0.55957 0.966797 0.55957 0.966797 0.36718799999999996 0.932129 0.36718799999999996 0.932129 0.55957
0 0.6450199999999999 0.484375 0.658203 0.484375 0.658203 0.40332 0.6450199999999999 0.40332 0.6450199999999999 0.484375
0 0.734375 0.484375 0.746582 0.484375 0.746582 0.41113299999999997 0.734375 0.41113299999999997 0.734375 0.484375