2 0.350098 0.552734 0.45556599999999997 0.552734 0.45556599999999997 0.402344 0.350098 0.402344 0.350098 0.552734
4 0.211914 0.530273 0.433105 0.530273 0.433105 0.27832 0.211914 0.27832 0.211914 0.530273
0 0.174316 0.48925799999999997 0.192871 0.48925799999999997 0.192871 0.381836 0.174316 0.381836 0.174316 0.48925799999999997
0 0.5639649999999999 0.487305 0.579102 0.487305 0.579102 0.402344 0.5639649999999999 0.402344 0.5639649999999999 0.487305
0 0.125488 0.491211 0.146484 0.491211 0.146484 0.385742 0.125488 0.385742 0.125488 0.491211
0 0.147461 0.496094 0.17041 0.496094 0.17041 0.375977 0.147461 0.375977 0.147461 0.496094
0 0.577637 0.48925799999999997 0.5961909999999999 0.48925799999999997 0.5961909999999999 0.39843799999999996 0.577637 0.39843799999999996 0.577637 0.48925799999999997
0 0.6430659999999999 0.475586 0.655762 0.475586 0.655762 0.40332 0.6430659999999999 0.40332 0.6430659999999999 0.475586
0 0.6069340000000001 0.486328 0.626953 0.486328 0.626953 0.399414 0.6069340000000001 0.399414 0.6069340000000001 0.486328
0 0.525391 0.488281 0.546387 0.488281 0.546387 0.402344 0.525391 0.402344 0.525391 0.488281
0 0.194824 0.480469 0.210938 0.480469 0.210938 0.392578 0.194824 0.392578 0.194824 0.480469
0 0.47021499999999994 0.47460899999999995 0.484863 0.47460899999999995 0.484863 0.40527300000000005 0.47021499999999994 0.40527300000000005 0.47021499999999994 0.47460899999999995
1 0.521973 0.48925799999999997 0.556641 0.48925799999999997 0.556641 0.43847699999999995 0.521973 0.43847699999999995 0.521973 0.48925799999999997