3 0.47900400000000004 0.617188 0.6206050000000001 0.617188 0.6206050000000001 0.40918 0.47900400000000004 0.40918 0.47900400000000004 0.617188
0 0.275879 0.5537110000000001 0.30810499999999996 0.5537110000000001 0.30810499999999996 0.375 0.275879 0.375 0.275879 0.5537110000000001
0 0.202148 0.554688 0.236328 0.554688 0.236328 0.362305 0.202148 0.362305 0.202148 0.554688
0 0.9169919999999999 0.666016 0.9619139999999999 0.666016 0.9619139999999999 0.392578 0.9169919999999999 0.392578 0.9169919999999999 0.666016
0 0.764648 0.623047 0.8095700000000001 0.623047 0.8095700000000001 0.356445 0.764648 0.356445 0.764648 0.623047
3 0.468262 0.511719 0.513672 0.511719 0.513672 0.40918 0.468262 0.40918 0.468262 0.511719
0 0.734375 0.59375 0.770508 0.59375 0.770508 0.386719 0.734375 0.386719 0.734375 0.59375
3 0.6606449999999999 0.49023399999999995 0.704102 0.49023399999999995 0.704102 0.417969 0.6606449999999999 0.417969 0.6606449999999999 0.49023399999999995
0 0.8876950000000001 0.498047 0.9038090000000001 0.498047 0.9038090000000001 0.421875 0.8876950000000001 0.421875 0.8876950000000001 0.498047
0 0.116211 0.464844 0.131348 0.464844 0.131348 0.376953 0.116211 0.376953 0.116211 0.464844
0 0.04834 0.45898399999999995 0.06689500000000001 0.45898399999999995 0.06689500000000001 0.365234 0.04834 0.365234 0.04834 0.45898399999999995
0 0.187012 0.470703 0.20166 0.470703 0.20166 0.386719 0.187012 0.386719 0.187012 0.470703
0 0.14501999999999998 0.46875 0.16015600000000002 0.46875 0.16015600000000002 0.383789 0.14501999999999998 0.383789 0.14501999999999998 0.46875
1 0.732422 0.606445 0.8408200000000001 0.606445 0.8408200000000001 0.480469 0.732422 0.480469 0.732422 0.606445
1 0.9619139999999999 0.5537110000000001 0.9985350000000001 0.5537110000000001 0.9985350000000001 0.46777300000000005 0.9619139999999999 0.46777300000000005 0.9619139999999999 0.5537110000000001
0 0.162109 0.461914 0.176758 0.461914 0.176758 0.375 0.162109 0.375 0.162109 0.461914