3 0.01123 0.635742 0.30127000000000004 0.635742 0.30127000000000004 0.376953 0.01123 0.376953 0.01123 0.635742
3 0.3125 0.545898 0.42333999999999994 0.545898 0.42333999999999994 0.40039100000000005 0.3125 0.40039100000000005 0.3125 0.545898
3 0.270508 0.589844 0.34033199999999997 0.589844 0.34033199999999997 0.394531 0.270508 0.394531 0.270508 0.589844
0 0.723633 0.546875 0.759277 0.546875 0.759277 0.36718799999999996 0.723633 0.36718799999999996 0.723633 0.546875
3 0.895996 0.554688 0.946777 0.554688 0.946777 0.43164100000000005 0.895996 0.43164100000000005 0.895996 0.554688
1 1 0.424805 0.925781 0.424805 0.925781 0.6474610000000001 1 0.6474610000000001 1 0.424805
1 0.101074 0.713867 0.145508 0.713867 0.145508 0.42968799999999996 0.101074 0.42968799999999996 0.101074 0.713867
3 0.406738 0.509766 0.46386700000000003 0.509766 0.46386700000000003 0.417969 0.406738 0.417969 0.406738 0.509766
3 0.508301 0.47851600000000005 0.533203 0.47851600000000005 0.533203 0.43652300000000005 0.508301 0.43652300000000005 0.508301 0.47851600000000005
3 0.8486330000000001 0.520508 0.920898 0.520508 0.920898 0.43457 0.8486330000000001 0.43457 0.8486330000000001 0.520508
1 0.810547 0.564453 0.853027 0.564453 0.853027 0.444336 0.810547 0.444336 0.810547 0.564453
1 0.7768550000000001 0.55957 0.830078 0.55957 0.830078 0.439453 0.7768550000000001 0.439453 0.7768550000000001 0.55957
1 0.723633 0.557617 0.753418 0.557617 0.753418 0.444336 0.723633 0.444336 0.723633 0.557617
3 0.461426 0.484375 0.487305 0.484375 0.487305 0.428711 0.461426 0.428711 0.461426 0.484375
3 0.444336 0.491211 0.472656 0.491211 0.472656 0.42773399999999995 0.444336 0.42773399999999995 0.444336 0.491211