3 0.98877 0.376953 0.6987300000000001 0.376953 0.6987300000000001 0.635742 0.98877 0.635742 0.98877 0.376953
3 0.6875 0.40039100000000005 0.5766600000000001 0.40039100000000005 0.5766600000000001 0.545898 0.6875 0.545898 0.6875 0.40039100000000005
3 0.729492 0.394531 0.659668 0.394531 0.659668 0.589844 0.729492 0.589844 0.729492 0.394531
0 0.276367 0.36718799999999996 0.24072300000000002 0.36718799999999996 0.24072300000000002 0.546875 0.276367 0.546875 0.276367 0.36718799999999996
3 0.10400400000000001 0.43164100000000005 0.053223 0.43164100000000005 0.053223 0.554688 0.10400400000000001 0.554688 0.10400400000000001 0.43164100000000005
1 0 0.6474610000000001 0.07421900000000001 0.6474610000000001 0.07421900000000001 0.424805 0 0.424805 0 0.6474610000000001
1 0.898926 0.42968799999999996 0.8544919999999999 0.42968799999999996 0.8544919999999999 0.713867 0.898926 0.713867 0.898926 0.42968799999999996
3 0.593262 0.417969 0.536133 0.417969 0.536133 0.509766 0.593262 0.509766 0.593262 0.417969
3 0.491699 0.43652300000000005 0.466797 0.43652300000000005 0.466797 0.47851600000000005 0.491699 0.47851600000000005 0.491699 0.43652300000000005
3 0.151367 0.43457 0.07910199999999999 0.43457 0.07910199999999999 0.520508 0.151367 0.520508 0.151367 0.43457
1 0.189453 0.444336 0.146973 0.444336 0.146973 0.564453 0.189453 0.564453 0.189453 0.444336
1 0.223145 0.439453 0.169922 0.439453 0.169922 0.55957 0.223145 0.55957 0.223145 0.439453
1 0.276367 0.444336 0.246582 0.444336 0.246582 0.557617 0.276367 0.557617 0.276367 0.444336
3 0.538574 0.428711 0.512695 0.428711 0.512695 0.484375 0.538574 0.484375 0.538574 0.428711
3 0.5556639999999999 0.42773399999999995 0.527344 0.42773399999999995 0.527344 0.491211 0.5556639999999999 0.491211 0.5556639999999999 0.42773399999999995