0 0.8779299999999999 0.589844 0.9160159999999999 0.589844 0.9160159999999999 0.399414 0.8779299999999999 0.399414 0.8779299999999999 0.589844
0 0.22949199999999997 0.547852 0.280273 0.547852 0.280273 0.331055 0.22949199999999997 0.331055 0.22949199999999997 0.547852
0 0.915527 0.662109 0.9663090000000001 0.662109 0.9663090000000001 0.399414 0.915527 0.399414 0.915527 0.662109
0 0.383301 0.517578 0.41162099999999996 0.517578 0.41162099999999996 0.376953 0.383301 0.376953 0.383301 0.517578
0 1 0.40332 0.9619139999999999 0.40332 0.9619139999999999 0.702148 1 0.702148 1 0.40332
0 0.364746 0.515625 0.384277 0.515625 0.384277 0.35156200000000004 0.364746 0.35156200000000004 0.364746 0.515625
0 0.841797 0.567383 0.868652 0.567383 0.868652 0.40332 0.841797 0.40332 0.841797 0.567383
0 0.807129 0.550781 0.841797 0.550781 0.841797 0.388672 0.807129 0.388672 0.807129 0.550781
1 0.194824 0.47851600000000005 0.24706999999999998 0.47851600000000005 0.24706999999999998 0.395508 0.194824 0.395508 0.194824 0.47851600000000005
0 0.325195 0.505859 0.35156200000000004 0.505859 0.35156200000000004 0.345703 0.325195 0.345703 0.325195 0.505859
0 0.8652340000000001 0.582031 0.888672 0.582031 0.888672 0.40039100000000005 0.8652340000000001 0.40039100000000005 0.8652340000000001 0.582031
0 0.08252000000000001 0.48535199999999995 0.11084000000000001 0.48535199999999995 0.11084000000000001 0.34375 0.08252000000000001 0.34375 0.08252000000000001 0.48535199999999995
0 0.345215 0.510742 0.369629 0.510742 0.369629 0.373047 0.345215 0.373047 0.345215 0.510742
0 0.113281 0.486328 0.139648 0.486328 0.139648 0.323242 0.113281 0.323242 0.113281 0.486328
1 0.530762 0.498047 0.551465 0.498047 0.551465 0.383008 0.530762 0.383008 0.530762 0.498047
1 0.687939 0.520508 0.716064 0.520508 0.716064 0.390234 0.687939 0.390234 0.687939 0.520508