3 0.7680659999999999 0.734375 0.999023 0.734375 0.999023 0.333984 0.7680659999999999 0.333984 0.7680659999999999 0.734375
3 0.5756840000000001 0.520508 0.645996 0.520508 0.645996 0.40136700000000003 0.5756840000000001 0.40136700000000003 0.5756840000000001 0.520508
3 0.337891 0.5244139999999999 0.404297 0.5244139999999999 0.404297 0.430664 0.337891 0.430664 0.337891 0.5244139999999999
3 0.682617 0.652344 0.8496090000000001 0.652344 0.8496090000000001 0.359375 0.682617 0.359375 0.682617 0.652344
3 0.530273 0.510742 0.5913090000000001 0.510742 0.5913090000000001 0.41406200000000004 0.530273 0.41406200000000004 0.530273 0.510742
3 0.6577149999999999 0.59375 0.733887 0.59375 0.733887 0.390625 0.6577149999999999 0.390625 0.6577149999999999 0.59375
3 0.632812 0.560547 0.7016600000000001 0.560547 0.7016600000000001 0.375 0.632812 0.375 0.632812 0.560547
0 0.317871 0.46093799999999996 0.333984 0.46093799999999996 0.333984 0.40722699999999995 0.317871 0.40722699999999995 0.317871 0.46093799999999996
3 0.483887 0.46777300000000005 0.510742 0.46777300000000005 0.510742 0.43847699999999995 0.483887 0.43847699999999995 0.483887 0.46777300000000005
3 0.459961 0.46972699999999995 0.48583999999999994 0.46972699999999995 0.48583999999999994 0.44238299999999997 0.459961 0.44238299999999997 0.459961 0.46972699999999995
3 0.42041000000000006 0.472656 0.44238299999999997 0.472656 0.44238299999999997 0.425781 0.42041000000000006 0.425781 0.42041000000000006 0.472656
3 0.217773 0.609375 0.348633 0.609375 0.348633 0.425781 0.217773 0.425781 0.217773 0.609375