0 0.781738 0.34375 0.750977 0.34375 0.750977 0.48535199999999995 0.781738 0.48535199999999995 0.781738 0.34375
3 0.541016 0.40527300000000005 0.511719 0.40527300000000005 0.511719 0.444336 0.541016 0.444336 0.541016 0.40527300000000005
3 0.620117 0.394531 0.56543 0.394531 0.56543 0.45898399999999995 0.620117 0.45898399999999995 0.620117 0.394531
3 0.390137 0.383789 0.30908199999999997 0.383789 0.30908199999999997 0.532227 0.390137 0.532227 0.390137 0.383789
3 0.5 0.40527300000000005 0.45410199999999995 0.40527300000000005 0.45410199999999995 0.44726600000000005 0.5 0.44726600000000005 0.5 0.40527300000000005
3 0.584473 0.40039100000000005 0.555176 0.40039100000000005 0.555176 0.44531200000000004 0.584473 0.44531200000000004 0.584473 0.40039100000000005
1 0.977051 0.374023 0.937988 0.374023 0.937988 0.46972699999999995 0.977051 0.46972699999999995 0.977051 0.374023
3 0.126953 0.42773399999999995 0.08203099999999999 0.42773399999999995 0.08203099999999999 0.486328 0.126953 0.486328 0.126953 0.42773399999999995
3 0.5043949999999999 0.40722699999999995 0.48291000000000006 0.40722699999999995 0.48291000000000006 0.44335899999999995 0.5043949999999999 0.44335899999999995 0.5043949999999999 0.40722699999999995
3 0.46386700000000003 0.40527300000000005 0.437012 0.40527300000000005 0.437012 0.44238299999999997 0.46386700000000003 0.44238299999999997 0.46386700000000003 0.40527300000000005
3 0.28418 0.40625 0.169434 0.40625 0.169434 0.491211 0.28418 0.491211 0.28418 0.40625
3 0.656738 0.389648 0.612793 0.389648 0.612793 0.509766 0.656738 0.509766 0.656738 0.389648
0 0.44287099999999996 0.381836 0.41210899999999995 0.381836 0.41210899999999995 0.49511700000000003 0.44287099999999996 0.49511700000000003 0.44287099999999996 0.381836
1 0.880371 0.370117 0.775879 0.370117 0.775879 0.5068360000000001 0.880371 0.5068360000000001 0.880371 0.370117
3 0.757812 0.368164 0.641602 0.368164 0.641602 0.53418 0.757812 0.53418 0.757812 0.368164
0 0.17041 0.388672 0.151367 0.388672 0.151367 0.49218799999999996 0.17041 0.49218799999999996 0.17041 0.388672
3 0.11962900000000001 0.42773399999999995 0.013672 0.42773399999999995 0.013672 0.507812 0.11962900000000001 0.507812 0.11962900000000001 0.42773399999999995