2 0.20849600000000001 0.325195 0.000488 0.325195 0.000488 0.773438 0.20849600000000001 0.773438 0.20849600000000001 0.325195
2 0.725098 0.40722699999999995 0.632812 0.40722699999999995 0.632812 0.5244139999999999 0.725098 0.5244139999999999 0.725098 0.40722699999999995
2 0.921875 0.384766 0.7700199999999999 0.384766 0.7700199999999999 0.601562 0.921875 0.601562 0.921875 0.384766
0 0.776367 0.326172 0.722168 0.326172 0.722168 0.614258 0.776367 0.614258 0.776367 0.326172
0 0.285156 0.399414 0.268555 0.399414 0.268555 0.46582 0.285156 0.46582 0.285156 0.399414
1 0.775391 0.466797 0.725098 0.466797 0.725098 0.644531 0.775391 0.644531 0.775391 0.466797
0 0.540527 0.40625 0.5288090000000001 0.40625 0.5288090000000001 0.466797 0.540527 0.466797 0.540527 0.40625
2 0.999512 0.38281200000000004 0.8496090000000001 0.38281200000000004 0.8496090000000001 0.685547 0.999512 0.685547 0.999512 0.38281200000000004
0 0.305176 0.40332 0.28906200000000004 0.40332 0.28906200000000004 0.46289100000000005 0.305176 0.46289100000000005 0.305176 0.40332
7 0.505859 0.362305 0.44824200000000003 0.362305 0.44824200000000003 0.48925799999999997 0.505859 0.48925799999999997 0.505859 0.362305
7 0.43457 0.381836 0.386719 0.381836 0.386719 0.472656 0.43457 0.472656 0.43457 0.381836
0 0.299316 0.40332 0.287109 0.40332 0.287109 0.46289100000000005 0.299316 0.46289100000000005 0.299316 0.40332