2 0.000977 0.8076169999999999 0.20459 0.8076169999999999 0.20459 0.347656 0.000977 0.347656 0.000977 0.8076169999999999
2 0.19043000000000002 0.59375 0.332031 0.59375 0.332031 0.40332 0.19043000000000002 0.40332 0.19043000000000002 0.59375
2 0.62207 0.56543 0.722168 0.56543 0.722168 0.41601600000000005 0.62207 0.41601600000000005 0.62207 0.56543
2 0.5913090000000001 0.532227 0.640137 0.532227 0.640137 0.413086 0.5913090000000001 0.413086 0.5913090000000001 0.532227
0 0.806152 0.49218799999999996 0.8369139999999999 0.49218799999999996 0.8369139999999999 0.380859 0.806152 0.380859 0.806152 0.49218799999999996
2 0.49462900000000004 0.46972699999999995 0.560547 0.46972699999999995 0.560547 0.40918 0.49462900000000004 0.40918 0.49462900000000004 0.46972699999999995
2 0.556152 0.49218799999999996 0.583008 0.49218799999999996 0.583008 0.41406200000000004 0.556152 0.41406200000000004 0.556152 0.49218799999999996
2 0.569824 0.512695 0.6049800000000001 0.512695 0.6049800000000001 0.415039 0.569824 0.415039 0.569824 0.512695
2 0.31543 0.529297 0.38281200000000004 0.529297 0.38281200000000004 0.41699200000000003 0.31543 0.41699200000000003 0.31543 0.529297
2 0.363281 0.505859 0.405762 0.505859 0.405762 0.41601600000000005 0.363281 0.41601600000000005 0.363281 0.505859
2 0.302734 0.550781 0.35791 0.550781 0.35791 0.423828 0.302734 0.423828 0.302734 0.550781
2 0.42968799999999996 0.45898399999999995 0.464355 0.45898399999999995 0.464355 0.41113299999999997 0.42968799999999996 0.41113299999999997 0.42968799999999996 0.45898399999999995
2 0.40625 0.457031 0.43505900000000003 0.457031 0.43505900000000003 0.40918 0.40625 0.40918 0.40625 0.457031
2 0.376465 0.486328 0.41650400000000004 0.486328 0.41650400000000004 0.41210899999999995 0.376465 0.41210899999999995 0.376465 0.486328