2 0.984863 0.36718799999999996 0.745117 0.36718799999999996 0.745117 0.685547 0.984863 0.685547 0.984863 0.36718799999999996
2 0.370117 0.399414 0.26416 0.399414 0.26416 0.545898 0.370117 0.545898 0.370117 0.399414
2 0.783203 0.393555 0.637695 0.393555 0.637695 0.587891 0.783203 0.587891 0.783203 0.393555
2 0.676758 0.392578 0.592773 0.392578 0.592773 0.541016 0.676758 0.541016 0.676758 0.392578
2 0.999512 0.44335899999999995 0.9194340000000001 0.44335899999999995 0.9194340000000001 0.8076169999999999 0.999512 0.8076169999999999 0.999512 0.44335899999999995
2 0.472656 0.413086 0.42773399999999995 0.413086 0.42773399999999995 0.47851600000000005 0.472656 0.47851600000000005 0.472656 0.413086
2 0.603027 0.37207 0.530273 0.37207 0.530273 0.498047 0.603027 0.498047 0.603027 0.37207
2 0.414551 0.43164100000000005 0.394531 0.43164100000000005 0.394531 0.47460899999999995 0.414551 0.47460899999999995 0.414551 0.43164100000000005
2 0.43212900000000004 0.430664 0.41113299999999997 0.430664 0.41113299999999997 0.47460899999999995 0.43212900000000004 0.47460899999999995 0.43212900000000004 0.430664
2 0.530762 0.41699200000000003 0.499512 0.41699200000000003 0.499512 0.47949200000000003 0.530762 0.47949200000000003 0.530762 0.41699200000000003
2 0.246582 0.41699200000000003 0.189453 0.41699200000000003 0.189453 0.498047 0.246582 0.498047 0.246582 0.41699200000000003
2 0.5 0.42089800000000005 0.46972699999999995 0.42089800000000005 0.46972699999999995 0.482422 0.5 0.482422 0.5 0.42089800000000005
1 0.5981449999999999 0.433594 0.5556639999999999 0.433594 0.5556639999999999 0.511719 0.5981449999999999 0.511719 0.5981449999999999 0.433594
2 0.47656200000000004 0.424805 0.45410199999999995 0.424805 0.45410199999999995 0.480469 0.47656200000000004 0.480469 0.47656200000000004 0.424805