2 0.5112300000000001 0.358398 0.42968799999999996 0.358398 0.42968799999999996 0.48535199999999995 0.5112300000000001 0.48535199999999995 0.5112300000000001 0.358398
2 0.156738 0.342773 0.000488 0.342773 0.000488 0.646484 0.156738 0.646484 0.156738 0.342773
2 0.182129 0.332031 0.083008 0.332031 0.083008 0.544922 0.182129 0.544922 0.182129 0.332031
0 0.6762699999999999 0.297852 0.62793 0.297852 0.62793 0.53418 0.6762699999999999 0.53418 0.6762699999999999 0.297852
0 1 0.209961 0.879395 0.209961 0.879395 0.620117 1 0.620117 1 0.209961
1 1 0.44531200000000004 0.897949 0.44531200000000004 0.897949 0.766602 1 0.766602 1 0.44531200000000004
0 0.255371 0.316406 0.220703 0.316406 0.220703 0.498047 0.255371 0.498047 0.255371 0.316406
2 0.208984 0.358398 0.16406199999999999 0.358398 0.16406199999999999 0.457031 0.208984 0.457031 0.208984 0.358398
0 0.795898 0.25781200000000004 0.7299800000000001 0.25781200000000004 0.7299800000000001 0.567383 0.795898 0.567383 0.795898 0.25781200000000004
0 0.306641 0.3125 0.26904300000000003 0.3125 0.26904300000000003 0.49023399999999995 0.306641 0.49023399999999995 0.306641 0.3125
1 0.313965 0.40527300000000005 0.270996 0.40527300000000005 0.270996 0.504883 0.313965 0.504883 0.313965 0.40527300000000005
1 0.7954100000000001 0.446289 0.7431639999999999 0.446289 0.7431639999999999 0.612305 0.7954100000000001 0.612305 0.7954100000000001 0.446289
0 0.724609 0.323242 0.699707 0.323242 0.699707 0.41210899999999995 0.724609 0.41210899999999995 0.724609 0.323242
1 0.255371 0.408203 0.23291 0.408203 0.23291 0.511719 0.255371 0.511719 0.255371 0.408203
1 0.6704100000000001 0.413086 0.641113 0.413086 0.641113 0.541992 0.6704100000000001 0.541992 0.6704100000000001 0.413086
2 0.22363300000000003 0.36718799999999996 0.201172 0.36718799999999996 0.201172 0.450195 0.22363300000000003 0.450195 0.22363300000000003 0.36718799999999996
1 0.733398 0.373047 0.686523 0.373047 0.686523 0.42285199999999995 0.733398 0.42285199999999995 0.733398 0.373047
7 0.380371 0.355469 0.35791 0.355469 0.35791 0.40527300000000005 0.380371 0.40527300000000005 0.380371 0.355469
1 0.879395 0.388672 0.7856449999999999 0.388672 0.7856449999999999 0.548828 0.879395 0.548828 0.879395 0.388672
2 0.380859 0.356445 0.35791 0.356445 0.35791 0.40527300000000005 0.380859 0.40527300000000005 0.380859 0.356445
1 0.9111330000000001 0.389648 0.822754 0.389648 0.822754 0.564453 0.9111330000000001 0.564453 0.9111330000000001 0.389648