2 0.538574 0.42285199999999995 0.491211 0.42285199999999995 0.491211 0.5 0.538574 0.5 0.538574 0.42285199999999995
2 0.17968800000000001 0.418945 0.080566 0.418945 0.080566 0.533203 0.17968800000000001 0.533203 0.17968800000000001 0.418945
2 0.43603500000000006 0.415039 0.343262 0.415039 0.343262 0.551758 0.43603500000000006 0.551758 0.43603500000000006 0.415039
2 0.354492 0.430664 0.297852 0.430664 0.297852 0.539062 0.354492 0.539062 0.354492 0.430664
0 0.78418 0.323242 0.737793 0.323242 0.737793 0.557617 0.78418 0.557617 0.78418 0.323242
1 1 0.389648 0.9345700000000001 0.389648 0.9345700000000001 0.5849610000000001 1 0.5849610000000001 1 0.389648
0 0.24072300000000002 0.42968799999999996 0.20703100000000002 0.42968799999999996 0.20703100000000002 0.525391 0.24072300000000002 0.525391 0.24072300000000002 0.42968799999999996
2 0.098633 0.402344 0.0039059999999999997 0.402344 0.0039059999999999997 0.49511700000000003 0.098633 0.49511700000000003 0.098633 0.402344
0 0.260742 0.408203 0.236328 0.408203 0.236328 0.527344 0.260742 0.527344 0.260742 0.408203
0 0.304199 0.428711 0.290039 0.428711 0.290039 0.5 0.304199 0.5 0.304199 0.428711
1 0.7836909999999999 0.42675799999999997 0.7456050000000001 0.42675799999999997 0.7456050000000001 0.572266 0.7836909999999999 0.572266 0.7836909999999999 0.42675799999999997
1 0.808594 0.41210899999999995 0.7788090000000001 0.41210899999999995 0.7788090000000001 0.53125 0.808594 0.53125 0.808594 0.41210899999999995
0 0.274414 0.433594 0.25293 0.433594 0.25293 0.521484 0.274414 0.521484 0.274414 0.433594
0 0.25293 0.418945 0.219727 0.418945 0.219727 0.52832 0.25293 0.52832 0.25293 0.418945