2 0.461426 0.5 0.5087889999999999 0.5 0.5087889999999999 0.42285199999999995 0.461426 0.42285199999999995 0.461426 0.5
2 0.820312 0.533203 0.9194340000000001 0.533203 0.9194340000000001 0.418945 0.820312 0.418945 0.820312 0.533203
2 0.5639649999999999 0.551758 0.656738 0.551758 0.656738 0.415039 0.5639649999999999 0.415039 0.5639649999999999 0.551758
2 0.645508 0.539062 0.702148 0.539062 0.702148 0.430664 0.645508 0.430664 0.645508 0.539062
0 0.21581999999999998 0.557617 0.26220699999999997 0.557617 0.26220699999999997 0.323242 0.21581999999999998 0.323242 0.21581999999999998 0.557617
1 0 0.5849610000000001 0.06543 0.5849610000000001 0.06543 0.389648 0 0.389648 0 0.5849610000000001
0 0.759277 0.525391 0.792969 0.525391 0.792969 0.42968799999999996 0.759277 0.42968799999999996 0.759277 0.525391
2 0.9013669999999999 0.49511700000000003 0.996094 0.49511700000000003 0.996094 0.402344 0.9013669999999999 0.402344 0.9013669999999999 0.49511700000000003
0 0.739258 0.527344 0.763672 0.527344 0.763672 0.408203 0.739258 0.408203 0.739258 0.527344
0 0.695801 0.5 0.7099610000000001 0.5 0.7099610000000001 0.428711 0.695801 0.428711 0.695801 0.5
1 0.216309 0.572266 0.25439500000000004 0.572266 0.25439500000000004 0.42675799999999997 0.216309 0.42675799999999997 0.216309 0.572266
1 0.19140600000000002 0.53125 0.221191 0.53125 0.221191 0.41210899999999995 0.19140600000000002 0.41210899999999995 0.19140600000000002 0.53125
0 0.7255860000000001 0.521484 0.74707 0.521484 0.74707 0.433594 0.7255860000000001 0.433594 0.7255860000000001 0.521484
0 0.74707 0.52832 0.780273 0.52832 0.780273 0.418945 0.74707 0.418945 0.74707 0.52832