2 0.000488 0.72168 0.27002000000000004 0.72168 0.27002000000000004 0.321289 0.000488 0.321289 0.000488 0.72168
2 0.6293949999999999 0.573242 0.7524409999999999 0.573242 0.7524409999999999 0.40722699999999995 0.6293949999999999 0.40722699999999995 0.6293949999999999 0.573242
2 0.562988 0.512695 0.628418 0.512695 0.628418 0.40918 0.562988 0.40918 0.562988 0.512695
2 0.42089800000000005 0.521484 0.49414100000000005 0.521484 0.49414100000000005 0.399414 0.42089800000000005 0.399414 0.42089800000000005 0.521484
2 0.000488 0.891602 0.100586 0.891602 0.100586 0.542969 0.000488 0.542969 0.000488 0.891602
0 0.8066409999999999 0.537109 0.854004 0.537109 0.854004 0.364258 0.8066409999999999 0.364258 0.8066409999999999 0.537109
0 0.735352 0.49902300000000005 0.762207 0.49902300000000005 0.762207 0.388672 0.735352 0.388672 0.735352 0.49902300000000005
5 0.505371 0.45800799999999997 0.691406 0.45800799999999997 0.691406 0.325195 0.505371 0.325195 0.505371 0.45800799999999997
1 0.854004 0.532227 0.8920899999999999 0.532227 0.8920899999999999 0.42968799999999996 0.854004 0.42968799999999996 0.854004 0.532227
1 1 0.45214800000000005 0.976074 0.45214800000000005 0.976074 0.570312 1 0.570312 1 0.45214800000000005
7 0.450195 0.48925799999999997 0.508301 0.48925799999999997 0.508301 0.347656 0.450195 0.347656 0.450195 0.48925799999999997
1 0.275391 0.5712889999999999 0.318359 0.5712889999999999 0.318359 0.39843799999999996 0.275391 0.39843799999999996 0.275391 0.5712889999999999
1 0.780762 0.511719 0.817871 0.511719 0.817871 0.42968799999999996 0.780762 0.42968799999999996 0.780762 0.511719