2 0.6206050000000001 0.652344 0.8173830000000001 0.652344 0.8173830000000001 0.40136700000000003 0.6206050000000001 0.40136700000000003 0.6206050000000001 0.652344
2 0.26220699999999997 0.583984 0.375 0.583984 0.375 0.42089800000000005 0.26220699999999997 0.42089800000000005 0.26220699999999997 0.583984
2 0.000488 0.882812 0.195801 0.882812 0.195801 0.350586 0.000488 0.350586 0.000488 0.882812
2 0.600098 0.578125 0.649902 0.578125 0.649902 0.41210899999999995 0.600098 0.41210899999999995 0.600098 0.578125
2 0.39404300000000003 0.512695 0.433105 0.512695 0.433105 0.42285199999999995 0.39404300000000003 0.42285199999999995 0.39404300000000003 0.512695
2 0.520996 0.480469 0.553223 0.480469 0.553223 0.41210899999999995 0.520996 0.41210899999999995 0.520996 0.480469
2 0.418945 0.49902300000000005 0.45556599999999997 0.49902300000000005 0.45556599999999997 0.421875 0.418945 0.421875 0.418945 0.49902300000000005
2 0.937012 0.988281 0.999512 0.988281 0.999512 0.47656200000000004 0.937012 0.47656200000000004 0.937012 0.988281
2 0.572266 0.539062 0.616699 0.539062 0.616699 0.42089800000000005 0.572266 0.42089800000000005 0.572266 0.539062
2 0.36084 0.542969 0.41406200000000004 0.542969 0.41406200000000004 0.425781 0.36084 0.425781 0.36084 0.542969
2 0.349121 0.554688 0.394531 0.554688 0.394531 0.42675799999999997 0.349121 0.42675799999999997 0.349121 0.554688
1 0.8564450000000001 0.547852 0.897949 0.547852 0.897949 0.417969 0.8564450000000001 0.417969 0.8564450000000001 0.547852
2 0.537109 0.49511700000000003 0.55957 0.49511700000000003 0.55957 0.424805 0.537109 0.424805 0.537109 0.49511700000000003
2 0.5537110000000001 0.523438 0.614258 0.523438 0.614258 0.402344 0.5537110000000001 0.402344 0.5537110000000001 0.523438
2 0.464844 0.47168 0.478027 0.47168 0.478027 0.43164100000000005 0.464844 0.43164100000000005 0.464844 0.47168
2 0.446289 0.480469 0.46582 0.480469 0.46582 0.42675799999999997 0.446289 0.42675799999999997 0.446289 0.480469