2 0.617676 0.5693360000000001 0.739746 0.5693360000000001 0.739746 0.417969 0.617676 0.417969 0.617676 0.5693360000000001
2 0.308594 0.47168 0.33593799999999996 0.47168 0.33593799999999996 0.433594 0.308594 0.433594 0.308594 0.47168
2 0.146973 0.519531 0.21337899999999999 0.519531 0.21337899999999999 0.421875 0.146973 0.421875 0.146973 0.519531
2 0 0.595703 0.05127 0.595703 0.05127 0.40039100000000005 0 0.40039100000000005 0 0.595703
2 0.547852 0.511719 0.606445 0.511719 0.606445 0.41406200000000004 0.547852 0.41406200000000004 0.547852 0.511719
2 0.21142599999999998 0.491211 0.259766 0.491211 0.259766 0.42285199999999995 0.21142599999999998 0.42285199999999995 0.21142599999999998 0.491211
3 0.5180659999999999 0.582031 0.555176 0.582031 0.555176 0.453125 0.5180659999999999 0.453125 0.5180659999999999 0.582031
0 0.5141600000000001 0.535156 0.552734 0.535156 0.552734 0.379883 0.5141600000000001 0.379883 0.5141600000000001 0.535156
2 0.491211 0.49902300000000005 0.523438 0.49902300000000005 0.523438 0.41113299999999997 0.491211 0.41113299999999997 0.491211 0.49902300000000005
2 0.11914100000000001 0.45410199999999995 0.16894499999999998 0.45410199999999995 0.16894499999999998 0.41113299999999997 0.11914100000000001 0.41113299999999997 0.11914100000000001 0.45410199999999995
0 0.260254 0.488281 0.27343799999999996 0.488281 0.27343799999999996 0.408203 0.260254 0.408203 0.260254 0.488281
2 0.41943400000000003 0.46777300000000005 0.44726600000000005 0.46777300000000005 0.44726600000000005 0.42773399999999995 0.41943400000000003 0.42773399999999995 0.41943400000000003 0.46777300000000005