2 0.999512 0.344727 0.75 0.344727 0.75 0.888672 0.999512 0.888672 0.999512 0.344727
2 0.30810499999999996 0.353516 0.000977 0.353516 0.000977 0.9003909999999999 0.30810499999999996 0.9003909999999999 0.30810499999999996 0.353516
2 0.753418 0.392578 0.621094 0.392578 0.621094 0.570312 0.753418 0.570312 0.753418 0.392578
2 0.45214800000000005 0.394531 0.345703 0.394531 0.345703 0.561523 0.45214800000000005 0.561523 0.45214800000000005 0.394531
2 0.46875 0.391602 0.419922 0.391602 0.419922 0.52832 0.46875 0.52832 0.46875 0.391602
0 0.330078 0.375977 0.299316 0.375977 0.299316 0.5224610000000001 0.330078 0.5224610000000001 0.330078 0.375977
2 0.491211 0.410156 0.461914 0.410156 0.461914 0.47949200000000003 0.491211 0.47949200000000003 0.491211 0.410156
2 0.603516 0.40527300000000005 0.578125 0.40527300000000005 0.578125 0.514648 0.603516 0.514648 0.603516 0.40527300000000005
7 0.686523 0.291016 0.5981449999999999 0.291016 0.5981449999999999 0.5380860000000001 0.686523 0.5380860000000001 0.686523 0.291016
2 0.5795899999999999 0.41113299999999997 0.541504 0.41113299999999997 0.541504 0.46972699999999995 0.5795899999999999 0.46972699999999995 0.5795899999999999 0.41113299999999997
2 0.5024409999999999 0.40625 0.48339800000000005 0.40625 0.48339800000000005 0.459961 0.5024409999999999 0.459961 0.5024409999999999 0.40625
7 0.572754 0.383789 0.5336909999999999 0.383789 0.5336909999999999 0.46093799999999996 0.572754 0.46093799999999996 0.572754 0.383789
3 0.303711 0.41601600000000005 0.26416 0.41601600000000005 0.26416 0.516602 0.303711 0.516602 0.303711 0.41601600000000005