2 0.000488 0.888672 0.25 0.888672 0.25 0.344727 0.000488 0.344727 0.000488 0.888672
2 0.6918949999999999 0.9003909999999999 0.999023 0.9003909999999999 0.999023 0.353516 0.6918949999999999 0.353516 0.6918949999999999 0.9003909999999999
2 0.246582 0.570312 0.378906 0.570312 0.378906 0.392578 0.246582 0.392578 0.246582 0.570312
2 0.547852 0.561523 0.654297 0.561523 0.654297 0.394531 0.547852 0.394531 0.547852 0.561523
2 0.53125 0.52832 0.580078 0.52832 0.580078 0.391602 0.53125 0.391602 0.53125 0.52832
0 0.669922 0.5224610000000001 0.7006840000000001 0.5224610000000001 0.7006840000000001 0.375977 0.669922 0.375977 0.669922 0.5224610000000001
2 0.5087889999999999 0.47949200000000003 0.5380860000000001 0.47949200000000003 0.5380860000000001 0.410156 0.5087889999999999 0.410156 0.5087889999999999 0.47949200000000003
2 0.396484 0.514648 0.421875 0.514648 0.421875 0.40527300000000005 0.396484 0.40527300000000005 0.396484 0.514648
7 0.313477 0.5380860000000001 0.401855 0.5380860000000001 0.401855 0.291016 0.313477 0.291016 0.313477 0.5380860000000001
2 0.42041000000000006 0.46972699999999995 0.45849599999999996 0.46972699999999995 0.45849599999999996 0.41113299999999997 0.42041000000000006 0.41113299999999997 0.42041000000000006 0.46972699999999995
2 0.49755900000000003 0.459961 0.516602 0.459961 0.516602 0.40625 0.49755900000000003 0.40625 0.49755900000000003 0.459961
7 0.42724599999999996 0.46093799999999996 0.46630900000000003 0.46093799999999996 0.46630900000000003 0.383789 0.42724599999999996 0.383789 0.42724599999999996 0.46093799999999996
3 0.6962889999999999 0.516602 0.7358399999999999 0.516602 0.7358399999999999 0.41601600000000005 0.6962889999999999 0.41601600000000005 0.6962889999999999 0.516602