2 0.999512 0.373047 0.730957 0.373047 0.730957 0.673828 0.999512 0.673828 0.999512 0.373047
2 0.784668 0.384766 0.672852 0.384766 0.672852 0.577148 0.784668 0.577148 0.784668 0.384766
2 0.714844 0.380859 0.635742 0.380859 0.635742 0.535156 0.714844 0.535156 0.714844 0.380859
2 0.291992 0.421875 0.223145 0.421875 0.223145 0.53125 0.291992 0.53125 0.291992 0.421875
7 0.594238 0.339844 0.532227 0.339844 0.532227 0.47656200000000004 0.594238 0.47656200000000004 0.594238 0.339844
2 0.324219 0.402344 0.266113 0.402344 0.266113 0.510742 0.324219 0.510742 0.324219 0.402344
2 0.493164 0.392578 0.44873 0.392578 0.44873 0.47460899999999995 0.493164 0.47460899999999995 0.493164 0.392578
1 0.046875 0.453125 0.002441 0.453125 0.002441 0.604492 0.046875 0.604492 0.046875 0.453125
1 0.112793 0.44726600000000005 0.06396500000000001 0.44726600000000005 0.06396500000000001 0.5556639999999999 0.112793 0.5556639999999999 0.112793 0.44726600000000005
7 0.538574 0.364258 0.49902300000000005 0.364258 0.49902300000000005 0.46777300000000005 0.538574 0.46777300000000005 0.538574 0.364258
2 0.38916 0.417969 0.373047 0.417969 0.373047 0.456055 0.38916 0.456055 0.38916 0.417969