2 0.166992 0.423828 0.000488 0.423828 0.000488 0.661133 0.166992 0.661133 0.166992 0.423828
2 0.949219 0.283203 0.702637 0.283203 0.702637 0.6943360000000001 0.949219 0.6943360000000001 0.949219 0.283203
2 0.468262 0.42089800000000005 0.40869099999999997 0.42089800000000005 0.40869099999999997 0.507812 0.468262 0.507812 0.468262 0.42089800000000005
2 0.371094 0.42285199999999995 0.302734 0.42285199999999995 0.302734 0.521484 0.371094 0.521484 0.371094 0.42285199999999995
2 0.270508 0.42285199999999995 0.15234399999999998 0.42285199999999995 0.15234399999999998 0.587891 0.270508 0.587891 0.270508 0.42285199999999995
2 0.729004 0.384766 0.640137 0.384766 0.640137 0.587891 0.729004 0.587891 0.729004 0.384766
2 0.40722699999999995 0.424805 0.36084 0.424805 0.36084 0.49414100000000005 0.40722699999999995 0.49414100000000005 0.40722699999999995 0.424805
2 0.6494139999999999 0.40625 0.582031 0.40625 0.582031 0.509766 0.6494139999999999 0.509766 0.6494139999999999 0.40625
2 0.587891 0.419922 0.561523 0.419922 0.561523 0.487305 0.587891 0.487305 0.587891 0.419922
2 0.567383 0.41406200000000004 0.541016 0.41406200000000004 0.541016 0.46972699999999995 0.567383 0.46972699999999995 0.567383 0.41406200000000004
2 0.49707 0.42968799999999996 0.477051 0.42968799999999996 0.477051 0.456055 0.49707 0.456055 0.49707 0.42968799999999996
2 0.5952149999999999 0.418945 0.575195 0.418945 0.575195 0.49902300000000005 0.5952149999999999 0.49902300000000005 0.5952149999999999 0.418945
2 0.519043 0.41210899999999995 0.5024409999999999 0.41210899999999995 0.5024409999999999 0.44824200000000003 0.519043 0.44824200000000003 0.519043 0.41210899999999995