2 0.8330080000000001 0.661133 0.999512 0.661133 0.999512 0.423828 0.8330080000000001 0.423828 0.8330080000000001 0.661133
2 0.050781 0.6943360000000001 0.297363 0.6943360000000001 0.297363 0.283203 0.050781 0.283203 0.050781 0.6943360000000001
2 0.531738 0.507812 0.5913090000000001 0.507812 0.5913090000000001 0.42089800000000005 0.531738 0.42089800000000005 0.531738 0.507812
2 0.628906 0.521484 0.697266 0.521484 0.697266 0.42285199999999995 0.628906 0.42285199999999995 0.628906 0.521484
2 0.729492 0.587891 0.847656 0.587891 0.847656 0.42285199999999995 0.729492 0.42285199999999995 0.729492 0.587891
2 0.270996 0.587891 0.359863 0.587891 0.359863 0.384766 0.270996 0.384766 0.270996 0.587891
2 0.592773 0.49414100000000005 0.6391600000000001 0.49414100000000005 0.6391600000000001 0.424805 0.592773 0.424805 0.592773 0.49414100000000005
2 0.350586 0.509766 0.417969 0.509766 0.417969 0.40625 0.350586 0.40625 0.350586 0.509766
2 0.41210899999999995 0.487305 0.43847699999999995 0.487305 0.43847699999999995 0.419922 0.41210899999999995 0.419922 0.41210899999999995 0.487305
2 0.43261700000000003 0.46972699999999995 0.45898399999999995 0.46972699999999995 0.45898399999999995 0.41406200000000004 0.43261700000000003 0.41406200000000004 0.43261700000000003 0.46972699999999995
2 0.50293 0.456055 0.522949 0.456055 0.522949 0.42968799999999996 0.50293 0.42968799999999996 0.50293 0.456055
2 0.40478500000000006 0.49902300000000005 0.424805 0.49902300000000005 0.424805 0.418945 0.40478500000000006 0.418945 0.40478500000000006 0.49902300000000005
2 0.48095699999999997 0.44824200000000003 0.49755900000000003 0.44824200000000003 0.49755900000000003 0.41210899999999995 0.48095699999999997 0.41210899999999995 0.48095699999999997 0.44824200000000003