2 0.252441 0.40039100000000005 0.081543 0.40039100000000005 0.081543 0.599609 0.252441 0.599609 0.252441 0.40039100000000005
7 0.8461909999999999 0.255859 0.6806639999999999 0.255859 0.6806639999999999 0.6162110000000001 0.8461909999999999 0.6162110000000001 0.8461909999999999 0.255859
0 0.578125 0.368164 0.548828 0.368164 0.548828 0.472656 0.578125 0.472656 0.578125 0.368164
2 0.672852 0.37793 0.628418 0.37793 0.628418 0.49414100000000005 0.672852 0.49414100000000005 0.672852 0.37793
2 0.42627 0.40136700000000003 0.383789 0.40136700000000003 0.383789 0.49218799999999996 0.42627 0.49218799999999996 0.42627 0.40136700000000003
2 0.441895 0.408203 0.41601600000000005 0.408203 0.41601600000000005 0.461914 0.441895 0.461914 0.441895 0.408203
2 0.527344 0.40625 0.490723 0.40625 0.490723 0.446289 0.527344 0.446289 0.527344 0.40625
2 0.46972699999999995 0.40722699999999995 0.44335899999999995 0.40722699999999995 0.44335899999999995 0.441406 0.46972699999999995 0.441406 0.46972699999999995 0.40722699999999995
2 0.69043 0.375977 0.658203 0.375977 0.658203 0.510742 0.69043 0.510742 0.69043 0.375977
2 0.401855 0.393555 0.299316 0.393555 0.299316 0.520508 0.401855 0.520508 0.401855 0.393555
2 0.611328 0.38281200000000004 0.576172 0.38281200000000004 0.576172 0.45410199999999995 0.611328 0.45410199999999995 0.611328 0.38281200000000004
2 0.493652 0.40625 0.47216800000000003 0.40625 0.47216800000000003 0.441406 0.493652 0.441406 0.493652 0.40625