2 0.15234399999999998 0.646484 0.358398 0.646484 0.358398 0.357422 0.15234399999999998 0.357422 0.15234399999999998 0.646484
2 0.318848 0.564453 0.40478500000000006 0.564453 0.40478500000000006 0.374023 0.318848 0.374023 0.318848 0.564453
0 0.671387 0.484375 0.695312 0.484375 0.695312 0.349609 0.671387 0.349609 0.671387 0.484375
2 0.5327149999999999 0.47168 0.570312 0.47168 0.570312 0.417969 0.5327149999999999 0.417969 0.5327149999999999 0.47168
2 0.506348 0.47363299999999997 0.535156 0.47363299999999997 0.535156 0.410156 0.506348 0.410156 0.506348 0.47363299999999997
2 0.371094 0.523438 0.45458999999999994 0.523438 0.45458999999999994 0.37207 0.371094 0.37207 0.371094 0.523438
2 0.4375 0.482422 0.475098 0.482422 0.475098 0.399414 0.4375 0.399414 0.4375 0.482422
2 0.565918 0.470703 0.5893550000000001 0.470703 0.5893550000000001 0.428711 0.565918 0.428711 0.565918 0.470703
2 0.601074 0.46777300000000005 0.629883 0.46777300000000005 0.629883 0.441406 0.601074 0.441406 0.601074 0.46777300000000005
2 0.44531200000000004 0.47656200000000004 0.512695 0.47656200000000004 0.512695 0.383789 0.44531200000000004 0.383789 0.44531200000000004 0.47656200000000004
7 0.614746 0.46582 0.6450199999999999 0.46582 0.6450199999999999 0.41406200000000004 0.614746 0.41406200000000004 0.614746 0.46582