5 0.000977 0.59375 0.289551 0.59375 0.289551 0.114258 0.000977 0.114258 0.000977 0.59375
2 0.641113 0.491211 0.691406 0.491211 0.691406 0.425781 0.641113 0.425781 0.641113 0.491211
2 0.592773 0.481445 0.634766 0.481445 0.634766 0.42675799999999997 0.592773 0.42675799999999997 0.592773 0.481445
2 0.5737300000000001 0.47363299999999997 0.5981449999999999 0.47363299999999997 0.5981449999999999 0.430664 0.5737300000000001 0.430664 0.5737300000000001 0.47363299999999997
7 0.7587889999999999 0.541992 0.8940429999999999 0.541992 0.8940429999999999 0.362305 0.7587889999999999 0.362305 0.7587889999999999 0.541992
2 0.40380900000000003 0.472656 0.425781 0.472656 0.425781 0.41699200000000003 0.40380900000000003 0.41699200000000003 0.40380900000000003 0.472656
7 0.42285199999999995 0.493164 0.484375 0.493164 0.484375 0.380859 0.42285199999999995 0.380859 0.42285199999999995 0.493164
2 0.504883 0.46386700000000003 0.537598 0.46386700000000003 0.537598 0.42675799999999997 0.504883 0.42675799999999997 0.504883 0.46386700000000003
2 0.516602 0.46289100000000005 0.537598 0.46289100000000005 0.537598 0.42773399999999995 0.516602 0.42773399999999995 0.516602 0.46289100000000005
2 0.282715 0.464844 0.314941 0.464844 0.314941 0.41699200000000003 0.282715 0.41699200000000003 0.282715 0.464844
7 0.342285 0.46386700000000003 0.374023 0.46386700000000003 0.374023 0.404297 0.342285 0.404297 0.342285 0.46386700000000003