5 0.999023 0.114258 0.710449 0.114258 0.710449 0.59375 0.999023 0.59375 0.999023 0.114258
2 0.358887 0.425781 0.308594 0.425781 0.308594 0.491211 0.358887 0.491211 0.358887 0.425781
2 0.40722699999999995 0.42675799999999997 0.365234 0.42675799999999997 0.365234 0.481445 0.40722699999999995 0.481445 0.40722699999999995 0.42675799999999997
2 0.42627 0.430664 0.401855 0.430664 0.401855 0.47363299999999997 0.42627 0.47363299999999997 0.42627 0.430664
7 0.241211 0.362305 0.105957 0.362305 0.105957 0.541992 0.241211 0.541992 0.241211 0.362305
2 0.5961909999999999 0.41699200000000003 0.574219 0.41699200000000003 0.574219 0.472656 0.5961909999999999 0.472656 0.5961909999999999 0.41699200000000003
7 0.577148 0.380859 0.515625 0.380859 0.515625 0.493164 0.577148 0.493164 0.577148 0.380859
2 0.49511700000000003 0.42675799999999997 0.462402 0.42675799999999997 0.462402 0.46386700000000003 0.49511700000000003 0.46386700000000003 0.49511700000000003 0.42675799999999997
2 0.48339800000000005 0.42773399999999995 0.462402 0.42773399999999995 0.462402 0.46289100000000005 0.48339800000000005 0.46289100000000005 0.48339800000000005 0.42773399999999995
2 0.7172850000000001 0.41699200000000003 0.6850590000000001 0.41699200000000003 0.6850590000000001 0.464844 0.7172850000000001 0.464844 0.7172850000000001 0.41699200000000003
7 0.6577149999999999 0.404297 0.625977 0.404297 0.625977 0.46386700000000003 0.6577149999999999 0.46386700000000003 0.6577149999999999 0.404297