2 0.058105 0.417969 0.000977 0.417969 0.000977 0.48925799999999997 0.058105 0.48925799999999997 0.058105 0.417969
2 0.542969 0.410156 0.507812 0.410156 0.507812 0.46972699999999995 0.542969 0.46972699999999995 0.542969 0.410156
1 0.759277 0.421875 0.744629 0.421875 0.744629 0.49218799999999996 0.759277 0.49218799999999996 0.759277 0.421875
2 0.109375 0.41699200000000003 0.029297 0.41699200000000003 0.029297 0.482422 0.109375 0.482422 0.109375 0.41699200000000003
2 0.21044900000000002 0.419922 0.15185500000000002 0.419922 0.15185500000000002 0.47168 0.21044900000000002 0.47168 0.21044900000000002 0.419922
0 0.7612300000000001 0.371094 0.740234 0.371094 0.740234 0.48535199999999995 0.7612300000000001 0.48535199999999995 0.7612300000000001 0.371094
2 0.584473 0.415039 0.566406 0.415039 0.566406 0.46972699999999995 0.584473 0.46972699999999995 0.584473 0.415039
0 0.68457 0.384766 0.672363 0.384766 0.672363 0.466797 0.68457 0.466797 0.68457 0.384766
0 0.728027 0.37793 0.709473 0.37793 0.709473 0.47656200000000004 0.728027 0.47656200000000004 0.728027 0.37793
7 0.49511700000000003 0.394531 0.45556599999999997 0.394531 0.45556599999999997 0.466797 0.49511700000000003 0.466797 0.49511700000000003 0.394531
2 0.6391600000000001 0.381836 0.581055 0.381836 0.581055 0.47656200000000004 0.6391600000000001 0.47656200000000004 0.6391600000000001 0.381836
7 0.162109 0.387695 0.052734 0.387695 0.052734 0.47363299999999997 0.162109 0.47363299999999997 0.162109 0.387695
0 0.697266 0.381836 0.6806639999999999 0.381836 0.6806639999999999 0.47168 0.697266 0.47168 0.697266 0.381836