2 0.941895 0.48925799999999997 0.999023 0.48925799999999997 0.999023 0.417969 0.941895 0.417969 0.941895 0.48925799999999997
2 0.457031 0.46972699999999995 0.49218799999999996 0.46972699999999995 0.49218799999999996 0.410156 0.457031 0.410156 0.457031 0.46972699999999995
1 0.24072300000000002 0.49218799999999996 0.255371 0.49218799999999996 0.255371 0.421875 0.24072300000000002 0.421875 0.24072300000000002 0.49218799999999996
2 0.890625 0.482422 0.970703 0.482422 0.970703 0.41699200000000003 0.890625 0.41699200000000003 0.890625 0.482422
2 0.789551 0.47168 0.848145 0.47168 0.848145 0.419922 0.789551 0.419922 0.789551 0.47168
0 0.23877 0.48535199999999995 0.259766 0.48535199999999995 0.259766 0.371094 0.23877 0.371094 0.23877 0.48535199999999995
2 0.415527 0.46972699999999995 0.433594 0.46972699999999995 0.433594 0.415039 0.415527 0.415039 0.415527 0.46972699999999995
0 0.31543 0.466797 0.327637 0.466797 0.327637 0.384766 0.31543 0.384766 0.31543 0.466797
0 0.271973 0.47656200000000004 0.290527 0.47656200000000004 0.290527 0.37793 0.271973 0.37793 0.271973 0.47656200000000004
7 0.504883 0.466797 0.5444340000000001 0.466797 0.5444340000000001 0.394531 0.504883 0.394531 0.504883 0.466797
2 0.36084 0.47656200000000004 0.418945 0.47656200000000004 0.418945 0.381836 0.36084 0.381836 0.36084 0.47656200000000004
7 0.8378909999999999 0.47363299999999997 0.9472659999999999 0.47363299999999997 0.9472659999999999 0.387695 0.8378909999999999 0.387695 0.8378909999999999 0.47363299999999997
0 0.302734 0.47168 0.319336 0.47168 0.319336 0.381836 0.302734 0.381836 0.302734 0.47168