2 0.44531200000000004 0.5869139999999999 0.5737300000000001 0.5869139999999999 0.5737300000000001 0.378906 0.44531200000000004 0.378906 0.44531200000000004 0.5869139999999999
0 0.839355 0.520508 0.8681639999999999 0.520508 0.8681639999999999 0.380859 0.839355 0.380859 0.839355 0.520508
0 0.6450199999999999 0.53418 0.679688 0.53418 0.679688 0.354492 0.6450199999999999 0.354492 0.6450199999999999 0.53418
0 0.761719 0.5068360000000001 0.7836909999999999 0.5068360000000001 0.7836909999999999 0.379883 0.761719 0.379883 0.761719 0.5068360000000001
0 0.811523 0.519531 0.839355 0.519531 0.839355 0.364258 0.811523 0.364258 0.811523 0.519531
0 0.787109 0.509766 0.8076169999999999 0.509766 0.8076169999999999 0.38281200000000004 0.787109 0.38281200000000004 0.787109 0.509766
0 0.7045899999999999 0.551758 0.739258 0.551758 0.739258 0.362305 0.7045899999999999 0.362305 0.7045899999999999 0.551758
1 0.200684 0.628906 0.301758 0.628906 0.301758 0.396484 0.200684 0.396484 0.200684 0.628906
1 0.015137000000000001 0.745117 0.135254 0.745117 0.135254 0.43164100000000005 0.015137000000000001 0.43164100000000005 0.015137000000000001 0.745117
0 0.311035 0.450195 0.33593799999999996 0.450195 0.33593799999999996 0.356445 0.311035 0.356445 0.311035 0.450195
1 0.649902 0.552734 0.676758 0.552734 0.676758 0.42968799999999996 0.649902 0.42968799999999996 0.649902 0.552734
1 0.297852 0.545898 0.392578 0.545898 0.392578 0.41406200000000004 0.297852 0.41406200000000004 0.297852 0.545898
0 0.7387699999999999 0.5087889999999999 0.7587889999999999 0.5087889999999999 0.7587889999999999 0.390625 0.7387699999999999 0.390625 0.7387699999999999 0.5087889999999999
0 0.236816 0.501953 0.270996 0.501953 0.270996 0.341797 0.236816 0.341797 0.236816 0.501953
1 0.081055 0.717773 0.18359399999999998 0.717773 0.18359399999999998 0.397461 0.081055 0.397461 0.081055 0.717773
0 0.13281199999999999 0.42968799999999996 0.169434 0.42968799999999996 0.169434 0.319336 0.13281199999999999 0.319336 0.13281199999999999 0.42968799999999996
1 0 0.795898 0.035156 0.795898 0.035156 0.44531200000000004 0 0.44531200000000004 0 0.795898
1 0.252441 0.608398 0.318359 0.608398 0.318359 0.450195 0.252441 0.450195 0.252441 0.608398
0 0.6875 0.46289100000000005 0.700195 0.46289100000000005 0.700195 0.390625 0.6875 0.390625 0.6875 0.46289100000000005
1 0.712891 0.5556639999999999 0.7319340000000001 0.5556639999999999 0.7319340000000001 0.444336 0.712891 0.444336 0.712891 0.5556639999999999