0 0.425781 0.331055 0.385742 0.331055 0.385742 0.577148 0.425781 0.577148 0.425781 0.331055
1 0.244141 0.366211 0.15918000000000002 0.366211 0.15918000000000002 0.6962889999999999 0.244141 0.6962889999999999 0.244141 0.366211
0 0.6694340000000001 0.350586 0.634766 0.350586 0.634766 0.552734 0.6694340000000001 0.552734 0.6694340000000001 0.350586
0 0.47998 0.341797 0.44238299999999997 0.341797 0.44238299999999997 0.575195 0.47998 0.575195 0.47998 0.341797
0 0.71582 0.362305 0.6733399999999999 0.362305 0.6733399999999999 0.5537110000000001 0.71582 0.5537110000000001 0.71582 0.362305
0 0.98877 0.41601600000000005 0.9721679999999999 0.41601600000000005 0.9721679999999999 0.5244139999999999 0.98877 0.5244139999999999 0.98877 0.41601600000000005
1 0.312988 0.39843799999999996 0.22900399999999999 0.39843799999999996 0.22900399999999999 0.552734 0.312988 0.552734 0.312988 0.39843799999999996
0 0.871094 0.376953 0.8388669999999999 0.376953 0.8388669999999999 0.5244139999999999 0.871094 0.5244139999999999 0.871094 0.376953
1 0.891113 0.43457 0.852051 0.43457 0.852051 0.548828 0.891113 0.548828 0.891113 0.43457
0 0.459473 0.324219 0.43505900000000003 0.324219 0.43505900000000003 0.517578 0.459473 0.517578 0.459473 0.324219
0 0.979004 0.397461 0.958496 0.397461 0.958496 0.527344 0.979004 0.527344 0.979004 0.397461