0 0.07617199999999999 0.505859 0.099121 0.505859 0.099121 0.369141 0.07617199999999999 0.369141 0.07617199999999999 0.505859
0 0.052246 0.503906 0.07910199999999999 0.503906 0.07910199999999999 0.363281 0.052246 0.363281 0.052246 0.503906
1 0.117188 0.49707 0.185059 0.49707 0.185059 0.40136700000000003 0.117188 0.40136700000000003 0.117188 0.49707
0 0.649902 0.527344 0.676758 0.527344 0.676758 0.40332 0.649902 0.40332 0.649902 0.527344
1 0.396484 0.517578 0.441406 0.517578 0.441406 0.441406 0.396484 0.441406 0.396484 0.517578
0 0.5893550000000001 0.49414100000000005 0.6079100000000001 0.49414100000000005 0.6079100000000001 0.40527300000000005 0.5893550000000001 0.40527300000000005 0.5893550000000001 0.49414100000000005
1 0.9316409999999999 0.527344 0.9965820000000001 0.527344 0.9965820000000001 0.417969 0.9316409999999999 0.417969 0.9316409999999999 0.527344
1 0.8735350000000001 0.5 0.908203 0.5 0.908203 0.421875 0.8735350000000001 0.421875 0.8735350000000001 0.5
1 0.325195 0.527344 0.39209 0.527344 0.39209 0.43261700000000003 0.325195 0.43261700000000003 0.325195 0.527344
0 0.539062 0.498047 0.554688 0.498047 0.554688 0.40625 0.539062 0.40625 0.539062 0.498047
0 0.554688 0.49707 0.568848 0.49707 0.568848 0.40625 0.554688 0.40625 0.554688 0.49707
1 0.980469 0.5380860000000001 0.999512 0.5380860000000001 0.999512 0.46875 0.980469 0.46875 0.980469 0.5380860000000001
0 0.567383 0.496094 0.583008 0.496094 0.583008 0.40918 0.567383 0.40918 0.567383 0.496094