2 0.48779300000000003 0.573242 0.594727 0.573242 0.594727 0.415039 0.48779300000000003 0.415039 0.48779300000000003 0.573242
0 0.39502000000000004 0.544922 0.415527 0.544922 0.415527 0.421875 0.39502000000000004 0.421875 0.39502000000000004 0.544922
0 0.342285 0.583984 0.369141 0.583984 0.369141 0.40722699999999995 0.342285 0.40722699999999995 0.342285 0.583984
0 0.323242 0.585938 0.34716800000000003 0.585938 0.34716800000000003 0.40332 0.323242 0.40332 0.323242 0.585938
0 0.413086 0.543945 0.43408199999999997 0.543945 0.43408199999999997 0.428711 0.413086 0.428711 0.413086 0.543945
0 0.681152 0.504883 0.696777 0.504883 0.696777 0.415039 0.681152 0.415039 0.681152 0.504883
1 0.9267580000000001 0.541016 0.951172 0.541016 0.951172 0.45214800000000005 0.9267580000000001 0.45214800000000005 0.9267580000000001 0.541016
1 1 0.46777300000000005 0.964355 0.46777300000000005 0.964355 0.6005860000000001 1 0.6005860000000001 1 0.46777300000000005
0 0.294922 0.566406 0.313965 0.566406 0.313965 0.41406200000000004 0.294922 0.41406200000000004 0.294922 0.566406
0 0.306641 0.568359 0.328613 0.568359 0.328613 0.41113299999999997 0.306641 0.41113299999999997 0.306641 0.568359
0 0.695801 0.50293 0.710449 0.50293 0.710449 0.421875 0.695801 0.421875 0.695801 0.50293
1 0.42968799999999996 0.546875 0.47119099999999997 0.546875 0.47119099999999997 0.472656 0.42968799999999996 0.472656 0.42968799999999996 0.546875
0 0.29834 0.5693360000000001 0.321289 0.5693360000000001 0.321289 0.41210899999999995 0.29834 0.41210899999999995 0.29834 0.5693360000000001
0 0.591797 0.521484 0.609375 0.521484 0.609375 0.42675799999999997 0.591797 0.42675799999999997 0.591797 0.521484