2 0.512207 0.415039 0.40527300000000005 0.415039 0.40527300000000005 0.573242 0.512207 0.573242 0.512207 0.415039
0 0.6049800000000001 0.421875 0.584473 0.421875 0.584473 0.544922 0.6049800000000001 0.544922 0.6049800000000001 0.421875
0 0.6577149999999999 0.40722699999999995 0.630859 0.40722699999999995 0.630859 0.583984 0.6577149999999999 0.583984 0.6577149999999999 0.40722699999999995
0 0.676758 0.40332 0.652832 0.40332 0.652832 0.585938 0.676758 0.585938 0.676758 0.40332
0 0.5869139999999999 0.428711 0.565918 0.428711 0.565918 0.543945 0.5869139999999999 0.543945 0.5869139999999999 0.428711
0 0.318848 0.415039 0.303223 0.415039 0.303223 0.504883 0.318848 0.504883 0.318848 0.415039
1 0.073242 0.45214800000000005 0.048827999999999996 0.45214800000000005 0.048827999999999996 0.541016 0.073242 0.541016 0.073242 0.45214800000000005
1 0 0.6005860000000001 0.035644999999999996 0.6005860000000001 0.035644999999999996 0.46777300000000005 0 0.46777300000000005 0 0.6005860000000001
0 0.705078 0.41406200000000004 0.6860350000000001 0.41406200000000004 0.6860350000000001 0.566406 0.705078 0.566406 0.705078 0.41406200000000004
0 0.693359 0.41113299999999997 0.671387 0.41113299999999997 0.671387 0.568359 0.693359 0.568359 0.693359 0.41113299999999997
0 0.304199 0.421875 0.289551 0.421875 0.289551 0.50293 0.304199 0.50293 0.304199 0.421875
1 0.570312 0.472656 0.5288090000000001 0.472656 0.5288090000000001 0.546875 0.570312 0.546875 0.570312 0.472656
0 0.7016600000000001 0.41210899999999995 0.6787110000000001 0.41210899999999995 0.6787110000000001 0.5693360000000001 0.7016600000000001 0.5693360000000001 0.7016600000000001 0.41210899999999995
0 0.408203 0.42675799999999997 0.390625 0.42675799999999997 0.390625 0.521484 0.408203 0.521484 0.408203 0.42675799999999997