2 0.629883 0.62207 0.786621 0.62207 0.786621 0.417969 0.629883 0.417969 0.629883 0.62207
0 0.096191 0.597656 0.140137 0.597656 0.140137 0.322266 0.096191 0.322266 0.096191 0.597656
0 0.9189450000000001 0.71582 0.991699 0.71582 0.991699 0.358398 0.9189450000000001 0.358398 0.9189450000000001 0.71582
2 0.594727 0.554688 0.6918949999999999 0.554688 0.6918949999999999 0.391602 0.594727 0.391602 0.594727 0.554688
1 0.172852 0.56543 0.256348 0.56543 0.256348 0.410156 0.172852 0.410156 0.172852 0.56543
2 0.560547 0.484375 0.586426 0.484375 0.586426 0.396484 0.560547 0.396484 0.560547 0.484375
1 0.293945 0.525391 0.334961 0.525391 0.334961 0.418945 0.293945 0.418945 0.293945 0.525391
1 0.857422 0.625 0.9130860000000001 0.625 0.9130860000000001 0.456055 0.857422 0.456055 0.857422 0.625
0 0.457031 0.46582 0.472656 0.46582 0.472656 0.383789 0.457031 0.383789 0.457031 0.46582
2 0.580078 0.5244139999999999 0.636719 0.5244139999999999 0.636719 0.384766 0.580078 0.384766 0.580078 0.5244139999999999
0 0.44287099999999996 0.46582 0.45800799999999997 0.46582 0.45800799999999997 0.390625 0.44287099999999996 0.390625 0.44287099999999996 0.46582
1 1 0.530273 0.966797 0.530273 0.966797 0.689453 1 0.689453 1 0.530273