2 0.334473 0.383789 0.270508 0.383789 0.270508 0.433594 0.334473 0.433594 0.334473 0.383789
0 0.802246 0.341797 0.769043 0.341797 0.769043 0.49414100000000005 0.802246 0.49414100000000005 0.802246 0.341797
0 0.6650389999999999 0.371094 0.648438 0.371094 0.648438 0.466797 0.6650389999999999 0.466797 0.6650389999999999 0.371094
0 0.605957 0.375977 0.588379 0.375977 0.588379 0.459961 0.605957 0.459961 0.605957 0.375977
0 0.677734 0.374023 0.661621 0.374023 0.661621 0.464844 0.677734 0.464844 0.677734 0.374023
1 0.8100590000000001 0.41406200000000004 0.7700199999999999 0.41406200000000004 0.7700199999999999 0.505859 0.8100590000000001 0.505859 0.8100590000000001 0.41406200000000004
0 0.634277 0.36718799999999996 0.612305 0.36718799999999996 0.612305 0.46777300000000005 0.634277 0.46777300000000005 0.634277 0.36718799999999996
0 0.23046899999999998 0.341797 0.206543 0.341797 0.206543 0.46582 0.23046899999999998 0.46582 0.23046899999999998 0.341797
0 0.921387 0.379883 0.895996 0.379883 0.895996 0.486328 0.921387 0.486328 0.921387 0.379883
2 0.52832 0.390625 0.493164 0.390625 0.493164 0.430664 0.52832 0.430664 0.52832 0.390625
0 0.551758 0.370117 0.539551 0.370117 0.539551 0.453125 0.551758 0.453125 0.551758 0.370117
0 0.939453 0.397461 0.920898 0.397461 0.920898 0.481445 0.939453 0.481445 0.939453 0.397461
2 0.496094 0.388672 0.450195 0.388672 0.450195 0.435547 0.496094 0.435547 0.496094 0.388672
0 0.453613 0.378906 0.43896499999999994 0.378906 0.43896499999999994 0.44335899999999995 0.453613 0.44335899999999995 0.453613 0.378906
1 0.22900399999999999 0.391602 0.209961 0.391602 0.209961 0.48925799999999997 0.22900399999999999 0.48925799999999997 0.22900399999999999 0.391602