2 0.629883 0.47168 0.734375 0.47168 0.734375 0.385742 0.629883 0.385742 0.629883 0.47168
1 0.000977 0.521484 0.032227 0.521484 0.032227 0.41113299999999997 0.000977 0.41113299999999997 0.000977 0.521484
2 0.337891 0.457031 0.45068400000000003 0.457031 0.45068400000000003 0.362305 0.337891 0.362305 0.337891 0.457031
2 0 0.888672 0.02832 0.888672 0.02832 0.541016 0 0.541016 0 0.888672
7 0.337891 0.456055 0.45068400000000003 0.456055 0.45068400000000003 0.362305 0.337891 0.362305 0.337891 0.456055
1 0.11962900000000001 0.520508 0.14355500000000002 0.520508 0.14355500000000002 0.41406200000000004 0.11962900000000001 0.41406200000000004 0.11962900000000001 0.520508
0 0.111816 0.505859 0.150879 0.505859 0.150879 0.313477 0.111816 0.313477 0.111816 0.505859
0 0.5 0.509766 0.543457 0.509766 0.543457 0.354492 0.5 0.354492 0.5 0.509766
0 0.44531200000000004 0.503906 0.48974599999999996 0.503906 0.48974599999999996 0.355469 0.44531200000000004 0.355469 0.44531200000000004 0.503906
2 0.8496090000000001 0.493164 0.979004 0.493164 0.979004 0.40722699999999995 0.8496090000000001 0.40722699999999995 0.8496090000000001 0.493164
2 0.169434 0.577148 0.310059 0.577148 0.310059 0.366211 0.169434 0.366211 0.169434 0.577148