2 0.370117 0.385742 0.265625 0.385742 0.265625 0.47168 0.370117 0.47168 0.370117 0.385742
1 0.999023 0.41113299999999997 0.967773 0.41113299999999997 0.967773 0.521484 0.999023 0.521484 0.999023 0.41113299999999997
2 0.662109 0.362305 0.5493159999999999 0.362305 0.5493159999999999 0.457031 0.662109 0.457031 0.662109 0.362305
2 1 0.541016 0.9716799999999999 0.541016 0.9716799999999999 0.888672 1 0.888672 1 0.541016
7 0.662109 0.362305 0.5493159999999999 0.362305 0.5493159999999999 0.456055 0.662109 0.456055 0.662109 0.362305
1 0.880371 0.41406200000000004 0.8564450000000001 0.41406200000000004 0.8564450000000001 0.520508 0.880371 0.520508 0.880371 0.41406200000000004
0 0.8881840000000001 0.313477 0.849121 0.313477 0.849121 0.505859 0.8881840000000001 0.505859 0.8881840000000001 0.313477
0 0.5 0.354492 0.45654300000000003 0.354492 0.45654300000000003 0.509766 0.5 0.509766 0.5 0.354492
0 0.554688 0.355469 0.510254 0.355469 0.510254 0.503906 0.554688 0.503906 0.554688 0.355469
2 0.150391 0.40722699999999995 0.020996 0.40722699999999995 0.020996 0.493164 0.150391 0.493164 0.150391 0.40722699999999995
2 0.8305659999999999 0.366211 0.6899409999999999 0.366211 0.6899409999999999 0.577148 0.8305659999999999 0.577148 0.8305659999999999 0.366211