1 0.197754 0.5 0.279297 0.5 0.279297 0.385742 0.197754 0.385742 0.197754 0.5
1 0.430664 0.46289100000000005 0.507324 0.46289100000000005 0.507324 0.40136700000000003 0.430664 0.40136700000000003 0.430664 0.46289100000000005
0 0.161133 0.46386700000000003 0.179199 0.46386700000000003 0.179199 0.374023 0.161133 0.374023 0.161133 0.46386700000000003
1 0.661133 0.493164 0.71582 0.493164 0.71582 0.40136700000000003 0.661133 0.40136700000000003 0.661133 0.493164
0 0.10790999999999999 0.459961 0.12206999999999998 0.459961 0.12206999999999998 0.376953 0.10790999999999999 0.376953 0.10790999999999999 0.459961
1 0.365723 0.449219 0.391602 0.449219 0.391602 0.408203 0.365723 0.408203 0.365723 0.449219
1 0.500977 0.455078 0.572266 0.455078 0.572266 0.396484 0.500977 0.396484 0.500977 0.455078
1 0.5712889999999999 0.455078 0.5952149999999999 0.455078 0.5952149999999999 0.41699200000000003 0.5712889999999999 0.41699200000000003 0.5712889999999999 0.455078
1 0.592773 0.46093799999999996 0.6420899999999999 0.46093799999999996 0.6420899999999999 0.40136700000000003 0.592773 0.40136700000000003 0.592773 0.46093799999999996
1 0 0.46093799999999996 0.016602 0.46093799999999996 0.016602 0.37793 0 0.37793 0 0.46093799999999996
2 0.786411 0.48470700000000005 0.823008 0.48470700000000005 0.823008 0.433643 0.786411 0.433643 0.786411 0.48470700000000005
1 0.385562 0.448965 0.415347 0.448965 0.415347 0.41151400000000005 0.385562 0.41151400000000005 0.385562 0.448965