1 0.000488 0.828125 0.240234 0.828125 0.240234 0.371094 0.000488 0.371094 0.000488 0.828125
1 0.512695 0.5244139999999999 0.594727 0.5244139999999999 0.594727 0.404297 0.512695 0.404297 0.512695 0.5244139999999999
1 0.6850590000000001 0.551758 0.8090820000000001 0.551758 0.8090820000000001 0.40527300000000005 0.6850590000000001 0.40527300000000005 0.6850590000000001 0.551758
1 0.8310549999999999 0.646484 0.999512 0.646484 0.999512 0.40332 0.8310549999999999 0.40332 0.8310549999999999 0.646484
1 0.21386699999999997 0.582031 0.353027 0.582031 0.353027 0.396484 0.21386699999999997 0.396484 0.21386699999999997 0.582031
1 0.385254 0.46875 0.41113299999999997 0.46875 0.41113299999999997 0.40625 0.385254 0.40625 0.385254 0.46875
1 0.319336 0.535156 0.365723 0.535156 0.365723 0.395508 0.319336 0.395508 0.319336 0.535156
1 0.637695 0.455078 0.6806639999999999 0.455078 0.6806639999999999 0.397461 0.637695 0.397461 0.637695 0.455078
1 0.40722699999999995 0.449219 0.42431599999999997 0.449219 0.42431599999999997 0.41113299999999997 0.40722699999999995 0.41113299999999997 0.40722699999999995 0.449219
1 0.364258 0.493164 0.396973 0.493164 0.396973 0.40136700000000003 0.364258 0.40136700000000003 0.364258 0.493164
1 0.346191 0.5068360000000001 0.380371 0.5068360000000001 0.380371 0.40136700000000003 0.346191 0.40136700000000003 0.346191 0.5068360000000001
1 0.677734 0.46386700000000003 0.7612300000000001 0.46386700000000003 0.7612300000000001 0.381836 0.677734 0.381836 0.677734 0.46386700000000003