2 0.9399409999999999 0.34375 0.739746 0.34375 0.739746 0.634766 0.9399409999999999 0.634766 0.9399409999999999 0.34375
2 0.583984 0.369141 0.5454100000000001 0.369141 0.5454100000000001 0.43847699999999995 0.583984 0.43847699999999995 0.583984 0.369141
2 0.445801 0.37793 0.419922 0.37793 0.419922 0.46289100000000005 0.445801 0.46289100000000005 0.445801 0.37793
2 0.31591800000000003 0.357422 0.12206999999999998 0.357422 0.12206999999999998 0.614258 0.31591800000000003 0.614258 0.31591800000000003 0.357422
2 0.548828 0.379883 0.529297 0.379883 0.529297 0.433594 0.548828 0.433594 0.548828 0.379883
2 0.999512 0.203125 0.900879 0.203125 0.900879 0.763672 0.999512 0.763672 0.999512 0.203125
2 0.43408199999999997 0.378906 0.40136700000000003 0.378906 0.40136700000000003 0.477539 0.43408199999999997 0.477539 0.43408199999999997 0.378906
1 0.603516 0.417969 0.588379 0.417969 0.588379 0.491211 0.603516 0.491211 0.603516 0.417969
2 0.5356449999999999 0.379883 0.516113 0.379883 0.516113 0.423828 0.5356449999999999 0.423828 0.5356449999999999 0.379883
2 0.376953 0.371094 0.295898 0.371094 0.295898 0.539062 0.376953 0.539062 0.376953 0.371094
6 0.999512 0.203125 0.899902 0.203125 0.899902 0.760742 0.999512 0.760742 0.999512 0.203125
2 0.692383 0.373047 0.603516 0.373047 0.603516 0.484375 0.692383 0.484375 0.692383 0.373047
2 0.41845699999999997 0.375 0.354492 0.375 0.354492 0.49707 0.41845699999999997 0.49707 0.41845699999999997 0.375
0 0.6079100000000001 0.347656 0.577148 0.347656 0.577148 0.47949200000000003 0.6079100000000001 0.47949200000000003 0.6079100000000001 0.347656
2 0.488281 0.380859 0.459473 0.380859 0.459473 0.424805 0.488281 0.424805 0.488281 0.380859