2 1 0.254883 0.770996 0.254883 0.770996 0.749023 1 0.749023 1 0.254883
2 0.802246 0.360352 0.668945 0.360352 0.668945 0.556641 0.802246 0.556641 0.802246 0.360352
2 0.21142599999999998 0.37207 0.07617199999999999 0.37207 0.07617199999999999 0.526367 0.21142599999999998 0.526367 0.21142599999999998 0.37207
0 0.355469 0.364258 0.325684 0.364258 0.325684 0.47363299999999997 0.355469 0.47363299999999997 0.355469 0.364258
2 0 0.570312 0.035156 0.570312 0.035156 0.363281 0 0.363281 0 0.570312
2 0.697754 0.362305 0.646484 0.362305 0.646484 0.512695 0.697754 0.512695 0.697754 0.362305
2 0.586426 0.38281200000000004 0.549805 0.38281200000000004 0.549805 0.44335899999999995 0.586426 0.44335899999999995 0.586426 0.38281200000000004
2 0.45458999999999994 0.378906 0.40966800000000003 0.378906 0.40966800000000003 0.4375 0.45458999999999994 0.4375 0.45458999999999994 0.378906
2 0.5556639999999999 0.37793 0.52832 0.37793 0.52832 0.43652300000000005 0.5556639999999999 0.43652300000000005 0.5556639999999999 0.37793
0 0.638672 0.362305 0.6225590000000001 0.362305 0.6225590000000001 0.450195 0.638672 0.450195 0.638672 0.362305
0 0.500488 0.355469 0.487305 0.355469 0.487305 0.43847699999999995 0.500488 0.43847699999999995 0.500488 0.355469
0 0.28466800000000003 0.370117 0.270508 0.370117 0.270508 0.44335899999999995 0.28466800000000003 0.44335899999999995 0.28466800000000003 0.370117
6 0.397461 0.358398 0.341309 0.358398 0.341309 0.430664 0.397461 0.430664 0.397461 0.358398
0 0.40966800000000003 0.379883 0.394531 0.379883 0.394531 0.439453 0.40966800000000003 0.439453 0.40966800000000003 0.379883