1 0.214355 0.619141 0.310547 0.619141 0.310547 0.392578 0.214355 0.392578 0.214355 0.619141
0 0.23877 0.520508 0.285156 0.520508 0.285156 0.307617 0.23877 0.307617 0.23877 0.520508
0 0.078613 0.592773 0.141113 0.592773 0.141113 0.318359 0.078613 0.318359 0.078613 0.592773
0 0 0.44726600000000005 0.034668 0.44726600000000005 0.034668 0.255859 0 0.255859 0 0.44726600000000005
2 0.7631840000000001 0.42285199999999995 0.7944340000000001 0.42285199999999995 0.7944340000000001 0.383789 0.7631840000000001 0.383789 0.7631840000000001 0.42285199999999995
3 0.0063479999999999995 0.765625 0.09082 0.765625 0.09082 0.444336 0.0063479999999999995 0.444336 0.0063479999999999995 0.765625
2 0.621094 0.472656 0.700195 0.472656 0.700195 0.360352 0.621094 0.360352 0.621094 0.472656
2 0.5024409999999999 0.470703 0.5756840000000001 0.470703 0.5756840000000001 0.359375 0.5024409999999999 0.359375 0.5024409999999999 0.470703
2 0.7724610000000001 0.8544919999999999 0.999512 0.8544919999999999 0.999512 0.261719 0.7724610000000001 0.261719 0.7724610000000001 0.8544919999999999
0 0.313965 0.5537110000000001 0.350098 0.5537110000000001 0.350098 0.292969 0.313965 0.292969 0.313965 0.5537110000000001
0 0.40283199999999997 0.496094 0.424805 0.496094 0.424805 0.321289 0.40283199999999997 0.321289 0.40283199999999997 0.496094
3 0.016602 0.668945 0.226562 0.668945 0.226562 0.318359 0.016602 0.318359 0.016602 0.668945
2 0.705078 0.43164100000000005 0.744629 0.43164100000000005 0.744629 0.390625 0.705078 0.390625 0.705078 0.43164100000000005
0 0.02002 0.46972699999999995 0.07617199999999999 0.46972699999999995 0.07617199999999999 0.313477 0.02002 0.313477 0.02002 0.46972699999999995
0 0.373535 0.514648 0.399902 0.514648 0.399902 0.330078 0.373535 0.330078 0.373535 0.514648