1 0.7856449999999999 0.392578 0.689453 0.392578 0.689453 0.619141 0.7856449999999999 0.619141 0.7856449999999999 0.392578
0 0.7612300000000001 0.307617 0.714844 0.307617 0.714844 0.520508 0.7612300000000001 0.520508 0.7612300000000001 0.307617
0 0.921387 0.318359 0.858887 0.318359 0.858887 0.592773 0.921387 0.592773 0.921387 0.318359
0 1 0.255859 0.9653320000000001 0.255859 0.9653320000000001 0.44726600000000005 1 0.44726600000000005 1 0.255859
2 0.236816 0.383789 0.205566 0.383789 0.205566 0.42285199999999995 0.236816 0.42285199999999995 0.236816 0.383789
3 0.993652 0.444336 0.9091799999999999 0.444336 0.9091799999999999 0.765625 0.993652 0.765625 0.993652 0.444336
2 0.378906 0.360352 0.299805 0.360352 0.299805 0.472656 0.378906 0.472656 0.378906 0.360352
2 0.49755900000000003 0.359375 0.42431599999999997 0.359375 0.42431599999999997 0.470703 0.49755900000000003 0.470703 0.49755900000000003 0.359375
2 0.227539 0.261719 0.000488 0.261719 0.000488 0.8544919999999999 0.227539 0.8544919999999999 0.227539 0.261719
0 0.6860350000000001 0.292969 0.649902 0.292969 0.649902 0.5537110000000001 0.6860350000000001 0.5537110000000001 0.6860350000000001 0.292969
0 0.597168 0.321289 0.575195 0.321289 0.575195 0.496094 0.597168 0.496094 0.597168 0.321289
3 0.983398 0.318359 0.773438 0.318359 0.773438 0.668945 0.983398 0.668945 0.983398 0.318359
2 0.294922 0.390625 0.255371 0.390625 0.255371 0.43164100000000005 0.294922 0.43164100000000005 0.294922 0.390625
0 0.97998 0.313477 0.923828 0.313477 0.923828 0.46972699999999995 0.97998 0.46972699999999995 0.97998 0.313477
0 0.6264649999999999 0.330078 0.600098 0.330078 0.600098 0.514648 0.6264649999999999 0.514648 0.6264649999999999 0.330078