2 0.028809 0.516602 0.149902 0.516602 0.149902 0.375977 0.028809 0.375977 0.028809 0.516602
1 0.28564500000000004 0.49023399999999995 0.343262 0.49023399999999995 0.343262 0.390625 0.28564500000000004 0.390625 0.28564500000000004 0.49023399999999995
0 0.415527 0.511719 0.44335899999999995 0.511719 0.44335899999999995 0.327148 0.415527 0.327148 0.415527 0.511719
0 0.344238 0.500977 0.366699 0.500977 0.366699 0.365234 0.344238 0.365234 0.344238 0.500977
0 0.45068400000000003 0.46972699999999995 0.477539 0.46972699999999995 0.477539 0.330078 0.45068400000000003 0.330078 0.45068400000000003 0.46972699999999995
0 0.375 0.50293 0.404297 0.50293 0.404297 0.360352 0.375 0.360352 0.375 0.50293
2 0 0.488281 0.023438 0.488281 0.023438 0.394531 0 0.394531 0 0.488281
0 0.9814450000000001 0.379883 0.996094 0.379883 0.996094 0.337891 0.9814450000000001 0.337891 0.9814450000000001 0.379883
2 0.0019529999999999999 0.48925799999999997 0.056641 0.48925799999999997 0.056641 0.396484 0.0019529999999999999 0.396484 0.0019529999999999999 0.48925799999999997
1 0.20800800000000003 0.487305 0.25 0.487305 0.25 0.390625 0.20800800000000003 0.390625 0.20800800000000003 0.487305
0 0.40136700000000003 0.504883 0.423828 0.504883 0.423828 0.356445 0.40136700000000003 0.356445 0.40136700000000003 0.504883