2 0.37158199999999997 0.359375 0.19873000000000002 0.359375 0.19873000000000002 0.585938 0.37158199999999997 0.585938 0.37158199999999997 0.359375
2 0.14501999999999998 0.39843799999999996 0.05127 0.39843799999999996 0.05127 0.49902300000000005 0.14501999999999998 0.49902300000000005 0.14501999999999998 0.39843799999999996
2 0.221191 0.393555 0.147949 0.393555 0.147949 0.47460899999999995 0.221191 0.47460899999999995 0.221191 0.393555
2 0.46289100000000005 0.389648 0.42968799999999996 0.389648 0.42968799999999996 0.456055 0.46289100000000005 0.456055 0.46289100000000005 0.389648
2 0.671387 0.368164 0.5893550000000001 0.368164 0.5893550000000001 0.491211 0.671387 0.491211 0.671387 0.368164
0 0.7006840000000001 0.336914 0.674805 0.336914 0.674805 0.449219 0.7006840000000001 0.449219 0.7006840000000001 0.336914
2 0.484863 0.388672 0.45556599999999997 0.388672 0.45556599999999997 0.43164100000000005 0.484863 0.43164100000000005 0.484863 0.388672
2 0.5795899999999999 0.373047 0.5483399999999999 0.373047 0.5483399999999999 0.43847699999999995 0.5795899999999999 0.43847699999999995 0.5795899999999999 0.373047
1 0.699219 0.395508 0.681152 0.395508 0.681152 0.459961 0.699219 0.459961 0.699219 0.395508
6 0.537598 0.331055 0.49414100000000005 0.331055 0.49414100000000005 0.43652300000000005 0.537598 0.43652300000000005 0.537598 0.331055
2 0.437012 0.360352 0.359863 0.360352 0.359863 0.482422 0.437012 0.482422 0.437012 0.360352
2 0 0.5244139999999999 0.056641 0.5244139999999999 0.056641 0.394531 0 0.394531 0 0.5244139999999999