2 0.7099610000000001 0.428711 0.735352 0.428711 0.735352 0.386719 0.7099610000000001 0.386719 0.7099610000000001 0.428711
2 0.732422 0.435547 0.765625 0.435547 0.765625 0.387695 0.732422 0.387695 0.732422 0.435547
0 0.9672850000000001 0.46582 0.9858399999999999 0.46582 0.9858399999999999 0.38281200000000004 0.9672850000000001 0.38281200000000004 0.9672850000000001 0.46582
0 0.222168 0.536133 0.252441 0.536133 0.252441 0.253906 0.222168 0.253906 0.222168 0.536133
0 0.20703100000000002 0.47656200000000004 0.22802699999999998 0.47656200000000004 0.22802699999999998 0.297852 0.20703100000000002 0.297852 0.20703100000000002 0.47656200000000004
0 0.428223 0.44238299999999997 0.444824 0.44238299999999997 0.444824 0.344727 0.428223 0.344727 0.428223 0.44238299999999997
0 0.382324 0.44726600000000005 0.401855 0.44726600000000005 0.401855 0.34082 0.382324 0.34082 0.382324 0.44726600000000005
2 0.5424800000000001 0.493164 0.629883 0.493164 0.629883 0.356445 0.5424800000000001 0.356445 0.5424800000000001 0.493164
2 0.62207 0.46093799999999996 0.680176 0.46093799999999996 0.680176 0.358398 0.62207 0.358398 0.62207 0.46093799999999996
0 0.244141 0.526367 0.273926 0.526367 0.273926 0.302734 0.244141 0.302734 0.244141 0.526367
0 0.084424 0.523438 0.15625 0.523438 0.15625 0.279297 0.084424 0.279297 0.084424 0.523438
0 0.9169919999999999 0.470703 0.937988 0.470703 0.937988 0.356445 0.9169919999999999 0.356445 0.9169919999999999 0.470703