0 0.59082 0.334961 0.5737300000000001 0.334961 0.5737300000000001 0.439453 0.59082 0.439453 0.59082 0.334961
2 0.499854 0.357422 0.483838 0.357422 0.483838 0.418945 0.499854 0.418945 0.499854 0.357422
2 0.446289 0.36718799999999996 0.430664 0.36718799999999996 0.430664 0.392578 0.446289 0.392578 0.446289 0.36718799999999996
2 0.361816 0.373047 0.33154300000000003 0.373047 0.33154300000000003 0.408203 0.361816 0.408203 0.361816 0.373047
0 0.869629 0.288086 0.816895 0.288086 0.816895 0.542969 0.869629 0.542969 0.869629 0.288086
0 0.786133 0.267578 0.7412110000000001 0.267578 0.7412110000000001 0.561523 0.786133 0.561523 0.786133 0.267578
2 0.552246 0.373047 0.5024409999999999 0.373047 0.5024409999999999 0.44335899999999995 0.552246 0.44335899999999995 0.552246 0.373047
0 0.819824 0.366211 0.7900389999999999 0.366211 0.7900389999999999 0.547852 0.819824 0.547852 0.819824 0.366211
2 0.279785 0.380859 0.234863 0.380859 0.234863 0.449219 0.279785 0.449219 0.279785 0.380859
0 0.562988 0.341797 0.547363 0.341797 0.547363 0.44531200000000004 0.562988 0.44531200000000004 0.562988 0.341797
0 0.619141 0.327148 0.594727 0.327148 0.594727 0.446289 0.619141 0.446289 0.619141 0.327148
2 0.23974600000000001 0.375977 0.190918 0.375977 0.190918 0.459961 0.23974600000000001 0.459961 0.23974600000000001 0.375977
2 0.310059 0.369141 0.269531 0.369141 0.269531 0.43457 0.310059 0.43457 0.310059 0.369141
2 0.410156 0.37207 0.39404300000000003 0.37207 0.39404300000000003 0.397461 0.410156 0.397461 0.410156 0.37207