0 0.40918 0.439453 0.42627 0.439453 0.42627 0.334961 0.40918 0.334961 0.40918 0.439453
2 0.500146 0.418945 0.516162 0.418945 0.516162 0.357422 0.500146 0.357422 0.500146 0.418945
2 0.5537110000000001 0.392578 0.5693360000000001 0.392578 0.5693360000000001 0.36718799999999996 0.5537110000000001 0.36718799999999996 0.5537110000000001 0.392578
2 0.6381840000000001 0.408203 0.668457 0.408203 0.668457 0.373047 0.6381840000000001 0.373047 0.6381840000000001 0.408203
0 0.130371 0.542969 0.18310500000000002 0.542969 0.18310500000000002 0.288086 0.130371 0.288086 0.130371 0.542969
0 0.21386699999999997 0.561523 0.258789 0.561523 0.258789 0.267578 0.21386699999999997 0.267578 0.21386699999999997 0.561523
2 0.44775400000000004 0.44335899999999995 0.49755900000000003 0.44335899999999995 0.49755900000000003 0.373047 0.44775400000000004 0.373047 0.44775400000000004 0.44335899999999995
0 0.180176 0.547852 0.209961 0.547852 0.209961 0.366211 0.180176 0.366211 0.180176 0.547852
2 0.7202149999999999 0.449219 0.765137 0.449219 0.765137 0.380859 0.7202149999999999 0.380859 0.7202149999999999 0.449219
0 0.437012 0.44531200000000004 0.452637 0.44531200000000004 0.452637 0.341797 0.437012 0.341797 0.437012 0.44531200000000004
0 0.380859 0.446289 0.40527300000000005 0.446289 0.40527300000000005 0.327148 0.380859 0.327148 0.380859 0.446289
2 0.760254 0.459961 0.8090820000000001 0.459961 0.8090820000000001 0.375977 0.760254 0.375977 0.760254 0.459961
2 0.6899409999999999 0.43457 0.730469 0.43457 0.730469 0.369141 0.6899409999999999 0.369141 0.6899409999999999 0.43457
2 0.589844 0.397461 0.605957 0.397461 0.605957 0.37207 0.589844 0.37207 0.589844 0.397461