2 0.000977 0.5537110000000001 0.052734 0.5537110000000001 0.052734 0.391602 0.000977 0.391602 0.000977 0.5537110000000001
2 0.345215 0.472656 0.421387 0.472656 0.421387 0.348633 0.345215 0.348633 0.345215 0.472656
0 0.599609 0.45410199999999995 0.626953 0.45410199999999995 0.626953 0.360352 0.599609 0.360352 0.599609 0.45410199999999995
0 0.251953 0.44824200000000003 0.266113 0.44824200000000003 0.266113 0.354492 0.251953 0.354492 0.251953 0.44824200000000003
1 0.644043 0.46289100000000005 0.6918949999999999 0.46289100000000005 0.6918949999999999 0.359375 0.644043 0.359375 0.644043 0.46289100000000005
2 0.002441 0.525391 0.182129 0.525391 0.182129 0.345703 0.002441 0.345703 0.002441 0.525391
0 0.45752 0.45898399999999995 0.47412099999999996 0.45898399999999995 0.47412099999999996 0.375977 0.45752 0.375977 0.45752 0.45898399999999995
0 0.701172 0.441406 0.7163090000000001 0.441406 0.7163090000000001 0.379883 0.701172 0.379883 0.701172 0.441406
0 0.875977 0.46875 0.8974610000000001 0.46875 0.8974610000000001 0.36718799999999996 0.875977 0.36718799999999996 0.875977 0.46875
0 1 0.384766 0.988281 0.384766 0.988281 0.481445 1 0.481445 1 0.384766
0 0.299805 0.449219 0.317871 0.449219 0.317871 0.352539 0.299805 0.352539 0.299805 0.449219
0 0.9619139999999999 0.47656200000000004 0.9829100000000001 0.47656200000000004 0.9829100000000001 0.380859 0.9619139999999999 0.380859 0.9619139999999999 0.47656200000000004
0 0.583008 0.449219 0.597656 0.449219 0.597656 0.368164 0.583008 0.368164 0.583008 0.449219
0 0.26904300000000003 0.439453 0.285156 0.439453 0.285156 0.364258 0.26904300000000003 0.364258 0.26904300000000003 0.439453
2 0.135254 0.496094 0.24365199999999998 0.496094 0.24365199999999998 0.339844 0.135254 0.339844 0.135254 0.496094