0 0.16796899999999998 0.345703 0.141113 0.345703 0.141113 0.504883 0.16796899999999998 0.504883 0.16796899999999998 0.345703
2 0.450195 0.381836 0.321289 0.381836 0.321289 0.539062 0.450195 0.539062 0.450195 0.381836
2 0.614746 0.36718799999999996 0.486328 0.36718799999999996 0.486328 0.572266 0.614746 0.572266 0.614746 0.36718799999999996
2 0.140137 0.336914 0.000488 0.336914 0.000488 0.855469 0.140137 0.855469 0.140137 0.336914
0 0.23584 0.364258 0.215332 0.364258 0.215332 0.45214800000000005 0.23584 0.45214800000000005 0.23584 0.364258
0 0.16796899999999998 0.345703 0.141113 0.345703 0.141113 0.504883 0.16796899999999998 0.504883 0.16796899999999998 0.345703
0 0.202148 0.328125 0.16796899999999998 0.328125 0.16796899999999998 0.5400389999999999 0.202148 0.5400389999999999 0.202148 0.328125
2 0.450195 0.381836 0.321289 0.381836 0.321289 0.539062 0.450195 0.539062 0.450195 0.381836
0 0.202148 0.328125 0.16796899999999998 0.328125 0.16796899999999998 0.5400389999999999 0.202148 0.5400389999999999 0.202148 0.328125
2 0.614746 0.36718799999999996 0.486328 0.36718799999999996 0.486328 0.572266 0.614746 0.572266 0.614746 0.36718799999999996
2 0.140137 0.336914 0.000488 0.336914 0.000488 0.855469 0.140137 0.855469 0.140137 0.336914
0 0.23584 0.364258 0.215332 0.364258 0.215332 0.45214800000000005 0.23584 0.45214800000000005 0.23584 0.364258