0 0.6137699999999999 0.46289100000000005 0.634277 0.46289100000000005 0.634277 0.365234 0.6137699999999999 0.365234 0.6137699999999999 0.46289100000000005
1 0.8222659999999999 0.514648 0.910156 0.514648 0.910156 0.415039 0.8222659999999999 0.415039 0.8222659999999999 0.514648
2 0.337402 0.42773399999999995 0.369141 0.42773399999999995 0.369141 0.385742 0.337402 0.385742 0.337402 0.42773399999999995
0 0.39404300000000003 0.46289100000000005 0.415039 0.46289100000000005 0.415039 0.348633 0.39404300000000003 0.348633 0.39404300000000003 0.46289100000000005
1 0.644043 0.47949200000000003 0.7006840000000001 0.47949200000000003 0.7006840000000001 0.373437 0.644043 0.373437 0.644043 0.47949200000000003
0 0.499512 0.457031 0.5131840000000001 0.457031 0.5131840000000001 0.363281 0.499512 0.363281 0.499512 0.457031
0 0.765137 0.527344 0.819824 0.527344 0.819824 0.350586 0.765137 0.350586 0.765137 0.527344
2 0.25341800000000003 0.41699200000000003 0.279785 0.41699200000000003 0.279785 0.369141 0.25341800000000003 0.369141 0.25341800000000003 0.41699200000000003
1 0.918652 0.49228500000000003 0.998242 0.49228500000000003 0.998242 0.36972700000000003 0.918652 0.36972700000000003 0.918652 0.49228500000000003
0 0.8232419999999999 0.510742 0.849121 0.510742 0.849121 0.37207 0.8232419999999999 0.37207 0.8232419999999999 0.510742
0 0.8295899999999999 0.519531 0.878906 0.519531 0.878906 0.352539 0.8295899999999999 0.352539 0.8295899999999999 0.519531