2 0.456055 0.389648 0.437012 0.389648 0.437012 0.4375 0.456055 0.4375 0.456055 0.389648
0 0.669922 0.375 0.656738 0.375 0.656738 0.466797 0.669922 0.466797 0.669922 0.375
2 0.19043000000000002 0.359375 0.06347699999999999 0.359375 0.06347699999999999 0.509766 0.19043000000000002 0.509766 0.19043000000000002 0.359375
4 0.35595699999999997 0.253906 0.27783199999999997 0.253906 0.27783199999999997 0.46289100000000005 0.35595699999999997 0.46289100000000005 0.35595699999999997 0.253906
2 0.577148 0.37793 0.523438 0.37793 0.523438 0.46386700000000003 0.577148 0.46386700000000003 0.577148 0.37793
2 0.490723 0.384766 0.450195 0.384766 0.450195 0.453125 0.490723 0.453125 0.490723 0.384766
2 0.533203 0.386719 0.49707 0.386719 0.49707 0.44726600000000005 0.533203 0.44726600000000005 0.533203 0.386719
2 0.445801 0.388672 0.419922 0.388672 0.419922 0.43261700000000003 0.445801 0.43261700000000003 0.445801 0.388672
0 0.65332 0.37793 0.6391600000000001 0.37793 0.6391600000000001 0.464844 0.65332 0.464844 0.65332 0.37793
0 0.689453 0.375 0.675293 0.375 0.675293 0.46289100000000005 0.689453 0.46289100000000005 0.689453 0.375
0 0.701172 0.375977 0.688477 0.375977 0.688477 0.457031 0.701172 0.457031 0.701172 0.375977
2 0.384277 0.394531 0.364746 0.394531 0.364746 0.418945 0.384277 0.418945 0.384277 0.394531