2 0.543945 0.4375 0.562988 0.4375 0.562988 0.389648 0.543945 0.389648 0.543945 0.4375
0 0.330078 0.466797 0.343262 0.466797 0.343262 0.375 0.330078 0.375 0.330078 0.466797
2 0.8095700000000001 0.509766 0.936523 0.509766 0.936523 0.359375 0.8095700000000001 0.359375 0.8095700000000001 0.509766
4 0.644043 0.46289100000000005 0.722168 0.46289100000000005 0.722168 0.253906 0.644043 0.253906 0.644043 0.46289100000000005
2 0.42285199999999995 0.46386700000000003 0.47656200000000004 0.46386700000000003 0.47656200000000004 0.37793 0.42285199999999995 0.37793 0.42285199999999995 0.46386700000000003
2 0.509277 0.453125 0.549805 0.453125 0.549805 0.384766 0.509277 0.384766 0.509277 0.453125
2 0.466797 0.44726600000000005 0.50293 0.44726600000000005 0.50293 0.386719 0.466797 0.386719 0.466797 0.44726600000000005
2 0.554199 0.43261700000000003 0.580078 0.43261700000000003 0.580078 0.388672 0.554199 0.388672 0.554199 0.43261700000000003
0 0.34668 0.464844 0.36084 0.464844 0.36084 0.37793 0.34668 0.37793 0.34668 0.464844
0 0.310547 0.46289100000000005 0.32470699999999997 0.46289100000000005 0.32470699999999997 0.375 0.310547 0.375 0.310547 0.46289100000000005
0 0.298828 0.457031 0.311523 0.457031 0.311523 0.375977 0.298828 0.375977 0.298828 0.457031
2 0.615723 0.418945 0.635254 0.418945 0.635254 0.394531 0.615723 0.394531 0.615723 0.418945