0 0.5043949999999999 0.49511700000000003 0.520996 0.49511700000000003 0.520996 0.392578 0.5043949999999999 0.392578 0.5043949999999999 0.49511700000000003
4 0.8818360000000001 0.486328 0.999512 0.486328 0.999512 0.254883 0.8818360000000001 0.254883 0.8818360000000001 0.486328
2 0.450195 0.459961 0.48925799999999997 0.459961 0.48925799999999997 0.402344 0.450195 0.402344 0.450195 0.459961
2 0.38281200000000004 0.46386700000000003 0.42627 0.46386700000000003 0.42627 0.389648 0.38281200000000004 0.389648 0.38281200000000004 0.46386700000000003
0 0.5297850000000001 0.48925799999999997 0.544922 0.48925799999999997 0.544922 0.390625 0.5297850000000001 0.390625 0.5297850000000001 0.48925799999999997
0 0.572754 0.48535199999999995 0.5922850000000001 0.48535199999999995 0.5922850000000001 0.389648 0.572754 0.389648 0.572754 0.48535199999999995
1 0.573242 0.488281 0.603516 0.488281 0.603516 0.428711 0.573242 0.428711 0.573242 0.488281
0 0.516113 0.491211 0.530273 0.491211 0.530273 0.393555 0.516113 0.393555 0.516113 0.491211
0 0.630371 0.481445 0.645508 0.481445 0.645508 0.380859 0.630371 0.380859 0.630371 0.481445
2 0.156738 0.5224610000000001 0.346191 0.5224610000000001 0.346191 0.366211 0.156738 0.366211 0.156738 0.5224610000000001
6 0.156738 0.5224610000000001 0.34668 0.5224610000000001 0.34668 0.365234 0.156738 0.365234 0.156738 0.5224610000000001