0 0.662109 0.254883 0.585449 0.254883 0.585449 0.650391 0.662109 0.650391 0.662109 0.254883
0 0.882812 0.261719 0.766113 0.261719 0.766113 0.672852 0.882812 0.672852 0.882812 0.261719
0 0.345215 0.265625 0.21484399999999998 0.265625 0.21484399999999998 0.761719 0.345215 0.761719 0.345215 0.265625
0 0.583984 0.251953 0.43652300000000005 0.251953 0.43652300000000005 0.760742 0.583984 0.760742 0.583984 0.251953
0 0.687988 0.333984 0.650879 0.333984 0.650879 0.556641 0.687988 0.556641 0.687988 0.333984
0 0.8076169999999999 0.302734 0.771484 0.302734 0.771484 0.564453 0.8076169999999999 0.564453 0.8076169999999999 0.302734
0 0.256348 0.22363300000000003 0.203125 0.22363300000000003 0.203125 0.726562 0.256348 0.726562 0.256348 0.22363300000000003
0 0.381348 0.361328 0.352539 0.361328 0.352539 0.532227 0.381348 0.532227 0.381348 0.361328
0 0.7568360000000001 0.341797 0.728027 0.341797 0.728027 0.487305 0.7568360000000001 0.487305 0.7568360000000001 0.341797
0 0.49853500000000006 0.348633 0.444824 0.348633 0.444824 0.582031 0.49853500000000006 0.582031 0.49853500000000006 0.348633
0 0.46630900000000003 0.331055 0.429199 0.331055 0.429199 0.591797 0.46630900000000003 0.591797 0.46630900000000003 0.331055
1 0.9580080000000001 0.42089800000000005 0.85498 0.42089800000000005 0.85498 0.585938 0.9580080000000001 0.585938 0.9580080000000001 0.42089800000000005
1 0.996094 0.40918 0.932129 0.40918 0.932129 0.582031 0.996094 0.582031 0.996094 0.40918
0 0.619141 0.258789 0.540527 0.258789 0.540527 0.737305 0.619141 0.737305 0.619141 0.258789
0 0.7768550000000001 0.348633 0.758301 0.348633 0.758301 0.486328 0.7768550000000001 0.486328 0.7768550000000001 0.348633