1 0.255371 0.42089800000000005 0.182129 0.42089800000000005 0.182129 0.5625 0.255371 0.5625 0.255371 0.42089800000000005
1 0.5356449999999999 0.375391 0.523438 0.375391 0.523438 0.449219 0.5356449999999999 0.449219 0.5356449999999999 0.375391
0 0.9130860000000001 0.423828 0.873047 0.423828 0.873047 0.532227 0.9130860000000001 0.532227 0.9130860000000001 0.423828
1 0.47998 0.351074 0.45410199999999995 0.351074 0.45410199999999995 0.512695 0.47998 0.512695 0.47998 0.351074
0 0.6181639999999999 0.368164 0.603027 0.368164 0.603027 0.46093799999999996 0.6181639999999999 0.46093799999999996 0.6181639999999999 0.368164
0 0.650879 0.356445 0.633301 0.356445 0.633301 0.46093799999999996 0.650879 0.46093799999999996 0.650879 0.356445
0 0.632324 0.362305 0.616699 0.362305 0.616699 0.457031 0.632324 0.457031 0.632324 0.362305
1 0.551758 0.37207 0.540527 0.37207 0.540527 0.435547 0.551758 0.435547 0.551758 0.37207
1 0.44531200000000004 0.317285 0.414551 0.317285 0.414551 0.548828 0.44531200000000004 0.548828 0.44531200000000004 0.317285
2 0.196289 0.378906 0.080566 0.378906 0.080566 0.62207 0.196289 0.62207 0.196289 0.378906
0 0.316406 0.34668 0.281738 0.34668 0.281738 0.512695 0.316406 0.512695 0.316406 0.34668
2 0.42089800000000005 0.358398 0.334961 0.358398 0.334961 0.507812 0.42089800000000005 0.507812 0.42089800000000005 0.358398
0 0.949219 0.318359 0.910156 0.318359 0.910156 0.545898 0.949219 0.545898 0.949219 0.318359
0 0.8579100000000001 0.279297 0.789062 0.279297 0.789062 0.592773 0.8579100000000001 0.592773 0.8579100000000001 0.279297
2 0.125977 0.306641 0.000488 0.306641 0.000488 0.708008 0.125977 0.708008 0.125977 0.306641