1 0.744629 0.5625 0.817871 0.5625 0.817871 0.42089800000000005 0.744629 0.42089800000000005 0.744629 0.5625
1 0.464355 0.449219 0.47656200000000004 0.449219 0.47656200000000004 0.375391 0.464355 0.375391 0.464355 0.449219
0 0.086914 0.532227 0.126953 0.532227 0.126953 0.423828 0.086914 0.423828 0.086914 0.532227
1 0.5200199999999999 0.512695 0.545898 0.512695 0.545898 0.351074 0.5200199999999999 0.351074 0.5200199999999999 0.512695
0 0.381836 0.46093799999999996 0.396973 0.46093799999999996 0.396973 0.368164 0.381836 0.368164 0.381836 0.46093799999999996
0 0.349121 0.46093799999999996 0.366699 0.46093799999999996 0.366699 0.356445 0.349121 0.356445 0.349121 0.46093799999999996
0 0.367676 0.457031 0.383301 0.457031 0.383301 0.362305 0.367676 0.362305 0.367676 0.457031
1 0.44824200000000003 0.435547 0.459473 0.435547 0.459473 0.37207 0.44824200000000003 0.37207 0.44824200000000003 0.435547
1 0.554688 0.548828 0.585449 0.548828 0.585449 0.317285 0.554688 0.317285 0.554688 0.548828
2 0.8037110000000001 0.62207 0.9194340000000001 0.62207 0.9194340000000001 0.378906 0.8037110000000001 0.378906 0.8037110000000001 0.62207
0 0.683594 0.512695 0.718262 0.512695 0.718262 0.34668 0.683594 0.34668 0.683594 0.512695
2 0.579102 0.507812 0.6650389999999999 0.507812 0.6650389999999999 0.358398 0.579102 0.358398 0.579102 0.507812
0 0.050781 0.545898 0.08984400000000001 0.545898 0.08984400000000001 0.318359 0.050781 0.318359 0.050781 0.545898
0 0.14209 0.592773 0.210938 0.592773 0.210938 0.279297 0.14209 0.279297 0.14209 0.592773
2 0.874023 0.708008 0.999512 0.708008 0.999512 0.306641 0.874023 0.306641 0.874023 0.708008