0 0.156738 0.307617 0.12206999999999998 0.307617 0.12206999999999998 0.477539 0.156738 0.477539 0.156738 0.307617
0 0.344238 0.192383 0.21240199999999998 0.192383 0.21240199999999998 0.695312 0.344238 0.695312 0.344238 0.192383
0 0.9409179999999999 0.172852 0.7924800000000001 0.172852 0.7924800000000001 0.787109 0.9409179999999999 0.787109 0.9409179999999999 0.172852
0 1 0.256836 0.9619139999999999 0.256836 0.9619139999999999 0.491211 1 0.491211 1 0.256836
0 0.096191 0.251953 0.01416 0.251953 0.01416 0.626953 0.096191 0.626953 0.096191 0.251953
0 0.43212900000000004 0.253906 0.34716800000000003 0.253906 0.34716800000000003 0.710938 0.43212900000000004 0.710938 0.43212900000000004 0.253906
0 0.197266 0.311523 0.165527 0.311523 0.165527 0.47656200000000004 0.197266 0.47656200000000004 0.197266 0.311523
0 0.95752 0.296875 0.9248049999999999 0.296875 0.9248049999999999 0.45214800000000005 0.95752 0.45214800000000005 0.95752 0.296875
0 0.36377000000000004 0.22949199999999997 0.326172 0.22949199999999997 0.326172 0.635742 0.36377000000000004 0.635742 0.36377000000000004 0.22949199999999997
2 0.49755900000000003 0.347656 0.461914 0.347656 0.461914 0.430664 0.49755900000000003 0.430664 0.49755900000000003 0.347656
2 0.47216800000000003 0.331055 0.42333999999999994 0.331055 0.42333999999999994 0.457031 0.47216800000000003 0.457031 0.47216800000000003 0.331055
2 0.55957 0.34082 0.519043 0.34082 0.519043 0.40722699999999995 0.55957 0.40722699999999995 0.55957 0.34082
0 0.65332 0.21386699999999997 0.5297850000000001 0.21386699999999997 0.5297850000000001 0.797852 0.65332 0.797852 0.65332 0.21386699999999997
2 0.509766 0.352539 0.488281 0.352539 0.488281 0.40039100000000005 0.509766 0.40039100000000005 0.509766 0.352539
1 0.852051 0.435547 0.7670899999999999 0.435547 0.7670899999999999 0.576172 0.852051 0.576172 0.852051 0.435547
0 0.7358399999999999 0.292969 0.715332 0.292969 0.715332 0.451172 0.7358399999999999 0.451172 0.7358399999999999 0.292969
0 0.700195 0.328125 0.684082 0.328125 0.684082 0.410156 0.700195 0.410156 0.700195 0.328125
0 0.7543949999999999 0.296875 0.730469 0.296875 0.730469 0.451172 0.7543949999999999 0.451172 0.7543949999999999 0.296875
0 0.7924800000000001 0.308594 0.775391 0.308594 0.775391 0.42773399999999995 0.7924800000000001 0.42773399999999995 0.7924800000000001 0.308594
0 0.696777 0.208984 0.551758 0.208984 0.551758 0.8125 0.696777 0.8125 0.696777 0.208984