2 0.455078 0.449219 0.475586 0.449219 0.475586 0.413086 0.455078 0.413086 0.455078 0.449219
2 0 0.714844 0.257324 0.714844 0.257324 0.369141 0 0.369141 0 0.714844
2 0.684082 0.5625 0.773438 0.5625 0.773438 0.40136700000000003 0.684082 0.40136700000000003 0.684082 0.5625
2 0.869629 0.6943360000000001 0.999512 0.6943360000000001 0.999512 0.369141 0.869629 0.369141 0.869629 0.6943360000000001
2 0.196289 0.626953 0.330566 0.626953 0.330566 0.378906 0.196289 0.378906 0.196289 0.626953
2 0.359863 0.530273 0.40087900000000004 0.530273 0.40087900000000004 0.410156 0.359863 0.410156 0.359863 0.530273
2 0.49707 0.461914 0.534668 0.461914 0.534668 0.41210899999999995 0.49707 0.41210899999999995 0.49707 0.461914
2 0.759766 0.610352 0.899902 0.610352 0.899902 0.375977 0.759766 0.375977 0.759766 0.610352
2 0.5512699999999999 0.475586 0.581055 0.475586 0.581055 0.40527300000000005 0.5512699999999999 0.40527300000000005 0.5512699999999999 0.475586
2 0.646484 0.532227 0.713379 0.532227 0.713379 0.402344 0.646484 0.402344 0.646484 0.532227
2 0.25781200000000004 0.572266 0.372559 0.572266 0.372559 0.365234 0.25781200000000004 0.365234 0.25781200000000004 0.572266
2 0.5756840000000001 0.48925799999999997 0.612305 0.48925799999999997 0.612305 0.40722699999999995 0.5756840000000001 0.40722699999999995 0.5756840000000001 0.48925799999999997
1 0.609375 0.53125 0.643555 0.53125 0.643555 0.359375 0.609375 0.359375 0.609375 0.53125
2 0.40039100000000005 0.49414100000000005 0.42529300000000003 0.49414100000000005 0.42529300000000003 0.41601600000000005 0.40039100000000005 0.41601600000000005 0.40039100000000005 0.49414100000000005
2 0.415527 0.477539 0.44043 0.477539 0.44043 0.415039 0.415527 0.415039 0.415527 0.477539
2 0.390625 0.498047 0.41943400000000003 0.498047 0.41943400000000003 0.41601600000000005 0.390625 0.41601600000000005 0.390625 0.498047
2 0.40918 0.487305 0.437012 0.487305 0.437012 0.415039 0.40918 0.415039 0.40918 0.487305
2 0.43408199999999997 0.464844 0.44873 0.464844 0.44873 0.413086 0.43408199999999997 0.413086 0.43408199999999997 0.464844
2 0.385254 0.5068360000000001 0.41162099999999996 0.5068360000000001 0.41162099999999996 0.415039 0.385254 0.415039 0.385254 0.5068360000000001
2 0.481445 0.44531200000000004 0.49853500000000006 0.44531200000000004 0.49853500000000006 0.413086 0.481445 0.413086 0.481445 0.44531200000000004