2 0.544922 0.413086 0.5244139999999999 0.413086 0.5244139999999999 0.449219 0.544922 0.449219 0.544922 0.413086
2 1 0.369141 0.742676 0.369141 0.742676 0.714844 1 0.714844 1 0.369141
2 0.31591800000000003 0.40136700000000003 0.226562 0.40136700000000003 0.226562 0.5625 0.31591800000000003 0.5625 0.31591800000000003 0.40136700000000003
2 0.130371 0.369141 0.000488 0.369141 0.000488 0.6943360000000001 0.130371 0.6943360000000001 0.130371 0.369141
2 0.8037110000000001 0.378906 0.6694340000000001 0.378906 0.6694340000000001 0.626953 0.8037110000000001 0.626953 0.8037110000000001 0.378906
2 0.640137 0.410156 0.599121 0.410156 0.599121 0.530273 0.640137 0.530273 0.640137 0.410156
2 0.50293 0.41210899999999995 0.46533199999999997 0.41210899999999995 0.46533199999999997 0.461914 0.50293 0.461914 0.50293 0.41210899999999995
2 0.240234 0.375977 0.10009799999999999 0.375977 0.10009799999999999 0.610352 0.240234 0.610352 0.240234 0.375977
2 0.44873 0.40527300000000005 0.418945 0.40527300000000005 0.418945 0.475586 0.44873 0.475586 0.44873 0.40527300000000005
2 0.353516 0.402344 0.286621 0.402344 0.286621 0.532227 0.353516 0.532227 0.353516 0.402344
2 0.742188 0.365234 0.6274409999999999 0.365234 0.6274409999999999 0.572266 0.742188 0.572266 0.742188 0.365234
2 0.42431599999999997 0.40722699999999995 0.387695 0.40722699999999995 0.387695 0.48925799999999997 0.42431599999999997 0.48925799999999997 0.42431599999999997 0.40722699999999995
1 0.390625 0.359375 0.356445 0.359375 0.356445 0.53125 0.390625 0.53125 0.390625 0.359375
2 0.599609 0.41601600000000005 0.574707 0.41601600000000005 0.574707 0.49414100000000005 0.599609 0.49414100000000005 0.599609 0.41601600000000005
2 0.584473 0.415039 0.55957 0.415039 0.55957 0.477539 0.584473 0.477539 0.584473 0.415039
2 0.609375 0.41601600000000005 0.5805659999999999 0.41601600000000005 0.5805659999999999 0.498047 0.609375 0.498047 0.609375 0.41601600000000005
2 0.59082 0.415039 0.562988 0.415039 0.562988 0.487305 0.59082 0.487305 0.59082 0.415039
2 0.565918 0.413086 0.5512699999999999 0.413086 0.5512699999999999 0.464844 0.565918 0.464844 0.565918 0.413086
2 0.614746 0.415039 0.588379 0.415039 0.588379 0.5068360000000001 0.614746 0.5068360000000001 0.614746 0.415039
2 0.518555 0.413086 0.5014649999999999 0.413086 0.5014649999999999 0.44531200000000004 0.518555 0.44531200000000004 0.518555 0.413086