0 0.321289 0.358398 0.288086 0.358398 0.288086 0.513672 0.321289 0.513672 0.321289 0.358398
0 0.610352 0.266602 0.550781 0.266602 0.550781 0.645508 0.610352 0.645508 0.610352 0.266602
0 0.47851600000000005 0.302734 0.41601600000000005 0.302734 0.41601600000000005 0.650391 0.47851600000000005 0.650391 0.47851600000000005 0.302734
1 0.828613 0.450195 0.750488 0.450195 0.750488 0.6474610000000001 0.828613 0.6474610000000001 0.828613 0.450195
0 0.759766 0.331055 0.714844 0.331055 0.714844 0.594727 0.759766 0.594727 0.759766 0.331055
0 0.826172 0.339844 0.7568360000000001 0.339844 0.7568360000000001 0.59668 0.826172 0.59668 0.826172 0.339844
0 0.117676 0.365234 0.08740200000000001 0.365234 0.08740200000000001 0.53418 0.117676 0.53418 0.117676 0.365234
0 0.6704100000000001 0.288086 0.6079100000000001 0.288086 0.6079100000000001 0.670898 0.6704100000000001 0.670898 0.6704100000000001 0.288086
1 0.999512 0.135352 0.8876950000000001 0.135352 0.8876950000000001 0.735352 0.999512 0.735352 0.999512 0.135352
0 0.42089800000000005 0.327148 0.35497999999999996 0.327148 0.35497999999999996 0.65625 0.42089800000000005 0.65625 0.42089800000000005 0.327148
0 0.557129 0.375 0.5112300000000001 0.375 0.5112300000000001 0.645508 0.557129 0.645508 0.557129 0.375
0 0.245605 0.365234 0.21044900000000002 0.365234 0.21044900000000002 0.5244139999999999 0.245605 0.5244139999999999 0.245605 0.365234
0 0.178711 0.404297 0.15625 0.404297 0.15625 0.52832 0.178711 0.52832 0.178711 0.404297
0 0.699707 0.344727 0.6538090000000001 0.344727 0.6538090000000001 0.664062 0.699707 0.664062 0.699707 0.344727
0 0.770508 0.300781 0.738281 0.300781 0.738281 0.41113299999999997 0.770508 0.41113299999999997 0.770508 0.300781