2 0.375 0.46093799999999996 0.431152 0.46093799999999996 0.431152 0.376953 0.375 0.376953 0.375 0.46093799999999996
0 0.314941 0.44531200000000004 0.33154300000000003 0.44531200000000004 0.33154300000000003 0.352539 0.314941 0.352539 0.314941 0.44531200000000004
2 0.5444340000000001 0.46093799999999996 0.599609 0.46093799999999996 0.599609 0.386719 0.5444340000000001 0.386719 0.5444340000000001 0.46093799999999996
2 0.492676 0.446289 0.5180659999999999 0.446289 0.5180659999999999 0.388672 0.492676 0.388672 0.492676 0.446289
2 0.507324 0.451172 0.535156 0.451172 0.535156 0.388672 0.507324 0.388672 0.507324 0.451172
2 0.473145 0.439453 0.496094 0.439453 0.496094 0.388672 0.473145 0.388672 0.473145 0.439453
2 0.523438 0.45800799999999997 0.5556639999999999 0.45800799999999997 0.5556639999999999 0.386719 0.523438 0.386719 0.523438 0.45800799999999997
2 0.477051 0.44238299999999997 0.503418 0.44238299999999997 0.503418 0.388672 0.477051 0.388672 0.477051 0.44238299999999997
2 0.5224610000000001 0.455078 0.544922 0.455078 0.544922 0.388672 0.5224610000000001 0.388672 0.5224610000000001 0.455078
1 0.697754 0.47460899999999995 0.728516 0.47460899999999995 0.728516 0.363281 0.697754 0.363281 0.697754 0.47460899999999995
2 0.443848 0.428711 0.46875 0.428711 0.46875 0.386719 0.443848 0.386719 0.443848 0.428711