2 0.223145 0.47460899999999995 0.288086 0.47460899999999995 0.288086 0.359375 0.223145 0.359375 0.223145 0.47460899999999995
4 0.266602 0.475586 0.344727 0.475586 0.344727 0.35156200000000004 0.266602 0.35156200000000004 0.266602 0.475586
2 0.529297 0.46386700000000003 0.5537110000000001 0.46386700000000003 0.5537110000000001 0.378906 0.529297 0.378906 0.529297 0.46386700000000003
2 0.505859 0.435547 0.530273 0.435547 0.530273 0.384766 0.505859 0.384766 0.505859 0.435547
0 0.671875 0.484375 0.694824 0.484375 0.694824 0.334961 0.671875 0.334961 0.671875 0.484375
2 0.000488 0.71875 0.291504 0.71875 0.291504 0.342773 0.000488 0.342773 0.000488 0.71875
2 0.363281 0.44335899999999995 0.396973 0.44335899999999995 0.396973 0.392578 0.363281 0.392578 0.363281 0.44335899999999995
2 0.271973 0.49023399999999995 0.320801 0.49023399999999995 0.320801 0.387695 0.271973 0.387695 0.271973 0.49023399999999995
0 0.719727 0.49023399999999995 0.746582 0.49023399999999995 0.746582 0.332031 0.719727 0.332031 0.719727 0.49023399999999995
2 0.5483399999999999 0.49902300000000005 0.647949 0.49902300000000005 0.647949 0.35156200000000004 0.5483399999999999 0.35156200000000004 0.5483399999999999 0.49902300000000005
0 0.7568360000000001 0.46875 0.78418 0.46875 0.78418 0.333008 0.7568360000000001 0.333008 0.7568360000000001 0.46875
2 0.44873 0.423828 0.475098 0.423828 0.475098 0.386719 0.44873 0.386719 0.44873 0.423828
0 0.692871 0.501953 0.719238 0.501953 0.719238 0.333984 0.692871 0.333984 0.692871 0.501953