0 0.8232419999999999 0.333008 0.839844 0.333008 0.839844 0.296875 0.8232419999999999 0.296875 0.8232419999999999 0.333008
2 0.734375 0.59668 0.999512 0.59668 0.999512 0.317383 0.734375 0.317383 0.734375 0.59668
2 0.42675799999999997 0.5087889999999999 0.5200199999999999 0.5087889999999999 0.5200199999999999 0.359375 0.42675799999999997 0.359375 0.42675799999999997 0.5087889999999999
2 0.593262 0.466797 0.637695 0.466797 0.637695 0.34082 0.593262 0.34082 0.593262 0.466797
2 0.337891 0.44531200000000004 0.40283199999999997 0.44531200000000004 0.40283199999999997 0.363281 0.337891 0.363281 0.337891 0.44531200000000004
0 0.706055 0.517578 0.756348 0.517578 0.756348 0.307617 0.706055 0.307617 0.706055 0.517578
0 0.8017580000000001 0.345703 0.824219 0.345703 0.824219 0.286133 0.8017580000000001 0.286133 0.8017580000000001 0.345703
2 0.399414 0.425781 0.428711 0.425781 0.428711 0.366211 0.399414 0.366211 0.399414 0.425781
2 0.621582 0.512695 0.7587889999999999 0.512695 0.7587889999999999 0.291992 0.621582 0.291992 0.621582 0.512695
2 0.5766600000000001 0.44531200000000004 0.6005860000000001 0.44531200000000004 0.6005860000000001 0.363281 0.5766600000000001 0.363281 0.5766600000000001 0.44531200000000004
0 0.8486330000000001 0.349609 0.8701169999999999 0.349609 0.8701169999999999 0.295898 0.8486330000000001 0.295898 0.8486330000000001 0.349609
2 0.5224610000000001 0.40722699999999995 0.537598 0.40722699999999995 0.537598 0.374023 0.5224610000000001 0.374023 0.5224610000000001 0.40722699999999995
2 0.383789 0.441406 0.40966800000000003 0.441406 0.40966800000000003 0.363281 0.383789 0.363281 0.383789 0.441406
0 0.862153 0.328115 0.893647 0.328115 0.893647 0.288965 0.862153 0.288965 0.862153 0.328115