0 0.645996 0.47168 0.666504 0.47168 0.666504 0.361328 0.645996 0.361328 0.645996 0.47168
2 0.466797 0.47168 0.5180659999999999 0.47168 0.5180659999999999 0.391602 0.466797 0.391602 0.466797 0.47168
0 0.722168 0.545898 0.7587889999999999 0.545898 0.7587889999999999 0.307617 0.722168 0.307617 0.722168 0.545898
2 0.35156200000000004 0.481445 0.419922 0.481445 0.419922 0.395508 0.35156200000000004 0.395508 0.35156200000000004 0.481445
0 0.326172 0.47168 0.341309 0.47168 0.341309 0.391602 0.326172 0.391602 0.326172 0.47168
2 0.415527 0.453125 0.435547 0.453125 0.435547 0.404297 0.415527 0.404297 0.415527 0.453125
2 0.42724599999999996 0.44824200000000003 0.451172 0.44824200000000003 0.451172 0.402344 0.42724599999999996 0.402344 0.42724599999999996 0.44824200000000003
0 0.316406 0.46972699999999995 0.328125 0.46972699999999995 0.328125 0.399414 0.316406 0.399414 0.316406 0.46972699999999995
0 0.8837889999999999 0.46093799999999996 0.902344 0.46093799999999996 0.902344 0.353516 0.8837889999999999 0.353516 0.8837889999999999 0.46093799999999996
1 0.863008 0.46768599999999994 0.890239 0.46768599999999994 0.890239 0.38768600000000003 0.863008 0.38768600000000003 0.863008 0.46768599999999994
1 0.891943 0.45918000000000003 0.921729 0.45918000000000003 0.921729 0.385986 0.891943 0.385986 0.891943 0.45918000000000003