0 0.354004 0.361328 0.333496 0.361328 0.333496 0.47168 0.354004 0.47168 0.354004 0.361328
2 0.533203 0.391602 0.48193400000000003 0.391602 0.48193400000000003 0.47168 0.533203 0.47168 0.533203 0.391602
0 0.27783199999999997 0.307617 0.241211 0.307617 0.241211 0.545898 0.27783199999999997 0.545898 0.27783199999999997 0.307617
2 0.648438 0.395508 0.580078 0.395508 0.580078 0.481445 0.648438 0.481445 0.648438 0.395508
0 0.673828 0.391602 0.6586909999999999 0.391602 0.6586909999999999 0.47168 0.673828 0.47168 0.673828 0.391602
2 0.584473 0.404297 0.564453 0.404297 0.564453 0.453125 0.584473 0.453125 0.584473 0.404297
2 0.572754 0.402344 0.548828 0.402344 0.548828 0.44824200000000003 0.572754 0.44824200000000003 0.572754 0.402344
0 0.683594 0.399414 0.671875 0.399414 0.671875 0.46972699999999995 0.683594 0.46972699999999995 0.683594 0.399414
0 0.116211 0.353516 0.09765599999999999 0.353516 0.09765599999999999 0.46093799999999996 0.116211 0.46093799999999996 0.116211 0.353516
1 0.136992 0.38768600000000003 0.109761 0.38768600000000003 0.109761 0.46768599999999994 0.136992 0.46768599999999994 0.136992 0.38768600000000003
1 0.108057 0.385986 0.07827100000000001 0.385986 0.07827100000000001 0.45918000000000003 0.108057 0.45918000000000003 0.108057 0.385986