2 0.389648 0.510742 0.491699 0.510742 0.491699 0.339844 0.389648 0.339844 0.389648 0.510742
2 0.8701169999999999 0.605469 0.999512 0.605469 0.999512 0.306641 0.8701169999999999 0.306641 0.8701169999999999 0.605469
2 0.7724610000000001 0.532227 0.90625 0.532227 0.90625 0.375 0.7724610000000001 0.375 0.7724610000000001 0.532227
2 0.187012 0.5224610000000001 0.288574 0.5224610000000001 0.288574 0.349609 0.187012 0.349609 0.187012 0.5224610000000001
2 0.000488 0.75293 0.09277300000000001 0.75293 0.09277300000000001 0.373047 0.000488 0.373047 0.000488 0.75293
2 0.275879 0.49902300000000005 0.322266 0.49902300000000005 0.322266 0.374023 0.275879 0.374023 0.275879 0.49902300000000005
2 0.299316 0.47851600000000005 0.348633 0.47851600000000005 0.348633 0.370117 0.299316 0.370117 0.299316 0.47851600000000005
2 0.042969 0.453125 0.149902 0.453125 0.149902 0.363281 0.042969 0.363281 0.042969 0.453125
2 0.585938 0.5869139999999999 0.766113 0.5869139999999999 0.766113 0.310547 0.585938 0.310547 0.585938 0.5869139999999999
2 0.756348 0.496094 0.8090820000000001 0.496094 0.8090820000000001 0.375977 0.756348 0.375977 0.756348 0.496094
0 0.347656 0.47949200000000003 0.366211 0.47949200000000003 0.366211 0.352539 0.347656 0.352539 0.347656 0.47949200000000003
2 0.535156 0.43652300000000005 0.560547 0.43652300000000005 0.560547 0.387695 0.535156 0.387695 0.535156 0.43652300000000005
2 0.543457 0.43847699999999995 0.56543 0.43847699999999995 0.56543 0.388672 0.543457 0.388672 0.543457 0.43847699999999995
2 0.521484 0.43164100000000005 0.543945 0.43164100000000005 0.543945 0.387695 0.521484 0.387695 0.521484 0.43164100000000005
2 0.556152 0.44531200000000004 0.579102 0.44531200000000004 0.579102 0.390625 0.556152 0.390625 0.556152 0.44531200000000004
2 0.568359 0.453125 0.606445 0.453125 0.606445 0.391602 0.568359 0.391602 0.568359 0.453125
2 0.5087889999999999 0.425781 0.5244139999999999 0.425781 0.5244139999999999 0.385742 0.5087889999999999 0.385742 0.5087889999999999 0.425781