2 0.393066 0.37207 0.346191 0.37207 0.346191 0.461914 0.393066 0.461914 0.393066 0.37207
2 0.615234 0.355469 0.5610350000000001 0.355469 0.5610350000000001 0.44531200000000004 0.615234 0.44531200000000004 0.615234 0.355469
4 0.8339840000000001 0.150391 0.620117 0.150391 0.620117 0.5849610000000001 0.8339840000000001 0.5849610000000001 0.8339840000000001 0.150391
1 0.11474599999999999 0.376953 0.062988 0.376953 0.062988 0.533203 0.11474599999999999 0.533203 0.11474599999999999 0.376953
2 0.365723 0.370117 0.280273 0.370117 0.280273 0.493164 0.365723 0.493164 0.365723 0.370117
2 0.886719 0.316406 0.828613 0.316406 0.828613 0.536133 0.886719 0.536133 0.886719 0.316406
0 0.855469 0.298828 0.82373 0.298828 0.82373 0.543945 0.855469 0.543945 0.855469 0.298828
2 0.475098 0.362305 0.379883 0.362305 0.379883 0.49707 0.475098 0.49707 0.475098 0.362305
2 0.297363 0.36718799999999996 0.135254 0.36718799999999996 0.135254 0.526367 0.297363 0.526367 0.297363 0.36718799999999996
2 0.999512 0.21581999999999998 0.8559570000000001 0.21581999999999998 0.8559570000000001 0.646484 0.999512 0.646484 0.999512 0.21581999999999998
0 0.252441 0.333984 0.21875 0.333984 0.21875 0.547852 0.252441 0.547852 0.252441 0.333984