0 0.740234 0.5087889999999999 0.762695 0.5087889999999999 0.762695 0.388672 0.740234 0.388672 0.740234 0.5087889999999999
0 0.902344 0.47363299999999997 0.92627 0.47363299999999997 0.92627 0.40039100000000005 0.902344 0.40039100000000005 0.902344 0.47363299999999997
0 0.763672 0.446289 0.7836909999999999 0.446289 0.7836909999999999 0.369141 0.763672 0.369141 0.763672 0.446289
2 0.56543 0.451172 0.5913090000000001 0.451172 0.5913090000000001 0.388672 0.56543 0.388672 0.56543 0.451172
0 0.597168 0.505859 0.625 0.505859 0.625 0.36718799999999996 0.597168 0.36718799999999996 0.597168 0.505859
2 0.259766 0.780273 0.568848 0.780273 0.568848 0.270508 0.259766 0.270508 0.259766 0.780273
2 0.757324 0.5869139999999999 0.942871 0.5869139999999999 0.942871 0.40039100000000005 0.757324 0.40039100000000005 0.757324 0.5869139999999999
2 1 0.390625 0.9545899999999999 0.390625 0.9545899999999999 0.644531 1 0.644531 1 0.390625
0 0.699707 0.514648 0.7319340000000001 0.514648 0.7319340000000001 0.37207 0.699707 0.37207 0.699707 0.514648
0 0.617676 0.509766 0.651367 0.509766 0.651367 0.360352 0.617676 0.360352 0.617676 0.509766
0 0.646973 0.507812 0.666992 0.507812 0.666992 0.379883 0.646973 0.379883 0.646973 0.507812
0 0.688477 0.501953 0.705078 0.501953 0.705078 0.381836 0.688477 0.381836 0.688477 0.501953
0 0.666504 0.505859 0.689453 0.505859 0.689453 0.384766 0.666504 0.384766 0.666504 0.505859
0 0.574219 0.49902300000000005 0.606445 0.49902300000000005 0.606445 0.371094 0.574219 0.371094 0.574219 0.49902300000000005
0 0.134766 0.417969 0.15625 0.417969 0.15625 0.292969 0.134766 0.292969 0.134766 0.417969
0 0.892451 0.450596 0.9078120000000001 0.450596 0.9078120000000001 0.401104 0.892451 0.401104 0.892451 0.450596