0 0.259766 0.388672 0.23730500000000002 0.388672 0.23730500000000002 0.5087889999999999 0.259766 0.5087889999999999 0.259766 0.388672
0 0.09765599999999999 0.40039100000000005 0.07372999999999999 0.40039100000000005 0.07372999999999999 0.47363299999999997 0.09765599999999999 0.47363299999999997 0.09765599999999999 0.40039100000000005
0 0.236328 0.369141 0.216309 0.369141 0.216309 0.446289 0.236328 0.446289 0.236328 0.369141
2 0.43457 0.388672 0.40869099999999997 0.388672 0.40869099999999997 0.451172 0.43457 0.451172 0.43457 0.388672
0 0.40283199999999997 0.36718799999999996 0.375 0.36718799999999996 0.375 0.505859 0.40283199999999997 0.505859 0.40283199999999997 0.36718799999999996
2 0.740234 0.270508 0.431152 0.270508 0.431152 0.780273 0.740234 0.780273 0.740234 0.270508
2 0.24267599999999998 0.40039100000000005 0.057129 0.40039100000000005 0.057129 0.5869139999999999 0.24267599999999998 0.5869139999999999 0.24267599999999998 0.40039100000000005
2 0 0.644531 0.04541 0.644531 0.04541 0.390625 0 0.390625 0 0.644531
0 0.30029300000000003 0.37207 0.268066 0.37207 0.268066 0.514648 0.30029300000000003 0.514648 0.30029300000000003 0.37207
0 0.382324 0.360352 0.348633 0.360352 0.348633 0.509766 0.382324 0.509766 0.382324 0.360352
0 0.353027 0.379883 0.333008 0.379883 0.333008 0.507812 0.353027 0.507812 0.353027 0.379883
0 0.311523 0.381836 0.294922 0.381836 0.294922 0.501953 0.311523 0.501953 0.311523 0.381836
0 0.333496 0.384766 0.310547 0.384766 0.310547 0.505859 0.333496 0.505859 0.333496 0.384766
0 0.425781 0.371094 0.393555 0.371094 0.393555 0.49902300000000005 0.425781 0.49902300000000005 0.425781 0.371094
0 0.8652340000000001 0.292969 0.84375 0.292969 0.84375 0.417969 0.8652340000000001 0.417969 0.8652340000000001 0.292969
0 0.107549 0.401104 0.092188 0.401104 0.092188 0.450596 0.107549 0.450596 0.107549 0.401104