2 0.993652 0.348633 0.739258 0.348633 0.739258 0.666016 0.993652 0.666016 0.993652 0.348633
2 0.322266 0.391602 0.288574 0.391602 0.288574 0.472656 0.322266 0.472656 0.322266 0.391602
2 0.999512 0.44824200000000003 0.912598 0.44824200000000003 0.912598 0.764648 0.999512 0.764648 0.999512 0.44824200000000003
2 0.453613 0.388672 0.40625 0.388672 0.40625 0.43847699999999995 0.453613 0.43847699999999995 0.453613 0.388672
2 0.341309 0.390625 0.310547 0.390625 0.310547 0.46386700000000003 0.341309 0.46386700000000003 0.341309 0.390625
0 0.941895 0.295898 0.913574 0.295898 0.913574 0.354492 0.941895 0.354492 0.941895 0.295898
4 0.7475590000000001 0.233398 0.605469 0.233398 0.605469 0.518555 0.7475590000000001 0.518555 0.7475590000000001 0.233398
0 0.9243159999999999 0.283203 0.8964840000000001 0.283203 0.8964840000000001 0.352539 0.9243159999999999 0.352539 0.9243159999999999 0.283203
2 0.354004 0.390625 0.32666 0.390625 0.32666 0.45800799999999997 0.354004 0.45800799999999997 0.354004 0.390625
2 0.613281 0.35156200000000004 0.586426 0.35156200000000004 0.586426 0.47460899999999995 0.613281 0.47460899999999995 0.613281 0.35156200000000004
2 0 0.5869139999999999 0.01709 0.5869139999999999 0.01709 0.49414100000000005 0 0.49414100000000005 0 0.5869139999999999
2 0.5952149999999999 0.370117 0.576172 0.370117 0.576172 0.457031 0.5952149999999999 0.457031 0.5952149999999999 0.370117
0 0.8037110000000001 0.317383 0.7788090000000001 0.317383 0.7788090000000001 0.366211 0.8037110000000001 0.366211 0.8037110000000001 0.317383
2 0.29541 0.376953 0.23144499999999998 0.376953 0.23144499999999998 0.48925799999999997 0.29541 0.48925799999999997 0.29541 0.376953
0 0.881348 0.28418 0.859375 0.28418 0.859375 0.352539 0.881348 0.352539 0.881348 0.28418
2 0.800781 0.362305 0.6650389999999999 0.362305 0.6650389999999999 0.5693360000000001 0.800781 0.5693360000000001 0.800781 0.362305
2 0.5766600000000001 0.33593799999999996 0.45410199999999995 0.33593799999999996 0.45410199999999995 0.541992 0.5766600000000001 0.541992 0.5766600000000001 0.33593799999999996
2 0.166992 0.396484 0.015625 0.396484 0.015625 0.547852 0.166992 0.547852 0.166992 0.396484
2 0.240234 0.370117 0.142578 0.370117 0.142578 0.512695 0.240234 0.512695 0.240234 0.370117