2 0.755859 0.225586 0.623047 0.225586 0.623047 0.542969 0.755859 0.542969 0.755859 0.225586
6 1 0.291016 0.8715820000000001 0.291016 0.8715820000000001 0.378906 1 0.378906 1 0.291016
2 0.44043 0.379883 0.410156 0.379883 0.410156 0.435547 0.44043 0.435547 0.44043 0.379883
2 0.417969 0.391602 0.393555 0.391602 0.393555 0.444336 0.417969 0.444336 0.417969 0.391602
0 0.768555 0.357422 0.753418 0.357422 0.753418 0.451172 0.768555 0.451172 0.768555 0.357422
4 0.755859 0.225586 0.623047 0.225586 0.623047 0.541992 0.755859 0.541992 0.755859 0.225586
2 0.430176 0.386719 0.40918 0.386719 0.40918 0.439453 0.430176 0.439453 0.430176 0.386719
2 0.366699 0.387695 0.334961 0.387695 0.334961 0.46582 0.366699 0.46582 0.366699 0.387695
2 0.41406200000000004 0.389648 0.384277 0.389648 0.384277 0.446289 0.41406200000000004 0.446289 0.41406200000000004 0.389648
2 0.486328 0.37793 0.455078 0.37793 0.455078 0.43164100000000005 0.486328 0.43164100000000005 0.486328 0.37793
2 0.6337889999999999 0.34668 0.587891 0.34668 0.587891 0.487305 0.6337889999999999 0.487305 0.6337889999999999 0.34668
2 0.390137 0.38281200000000004 0.353027 0.38281200000000004 0.353027 0.45214800000000005 0.390137 0.45214800000000005 0.390137 0.38281200000000004
2 0.345703 0.386719 0.275391 0.386719 0.275391 0.47851600000000005 0.345703 0.47851600000000005 0.345703 0.386719
6 0.19921899999999998 0.201172 0.000977 0.201172 0.000977 0.5068360000000001 0.19921899999999998 0.5068360000000001 0.19921899999999998 0.201172
2 0.837402 0.362305 0.760254 0.362305 0.760254 0.464844 0.837402 0.464844 0.837402 0.362305
2 1 0.359375 0.786133 0.359375 0.786133 0.658203 1 0.658203 1 0.359375
2 0.6137699999999999 0.333008 0.472656 0.333008 0.472656 0.564453 0.6137699999999999 0.564453 0.6137699999999999 0.333008