2 0.244141 0.542969 0.376953 0.542969 0.376953 0.225586 0.244141 0.225586 0.244141 0.542969
6 0 0.378906 0.128418 0.378906 0.128418 0.291016 0 0.291016 0 0.378906
2 0.55957 0.435547 0.589844 0.435547 0.589844 0.379883 0.55957 0.379883 0.55957 0.435547
2 0.582031 0.444336 0.606445 0.444336 0.606445 0.391602 0.582031 0.391602 0.582031 0.444336
0 0.23144499999999998 0.451172 0.246582 0.451172 0.246582 0.357422 0.23144499999999998 0.357422 0.23144499999999998 0.451172
4 0.244141 0.541992 0.376953 0.541992 0.376953 0.225586 0.244141 0.225586 0.244141 0.541992
2 0.569824 0.439453 0.59082 0.439453 0.59082 0.386719 0.569824 0.386719 0.569824 0.439453
2 0.633301 0.46582 0.6650389999999999 0.46582 0.6650389999999999 0.387695 0.633301 0.387695 0.633301 0.46582
2 0.585938 0.446289 0.615723 0.446289 0.615723 0.389648 0.585938 0.389648 0.585938 0.446289
2 0.513672 0.43164100000000005 0.544922 0.43164100000000005 0.544922 0.37793 0.513672 0.37793 0.513672 0.43164100000000005
2 0.366211 0.487305 0.41210899999999995 0.487305 0.41210899999999995 0.34668 0.366211 0.34668 0.366211 0.487305
2 0.609863 0.45214800000000005 0.646973 0.45214800000000005 0.646973 0.38281200000000004 0.609863 0.38281200000000004 0.609863 0.45214800000000005
2 0.654297 0.47851600000000005 0.724609 0.47851600000000005 0.724609 0.386719 0.654297 0.386719 0.654297 0.47851600000000005
6 0.800781 0.5068360000000001 0.999023 0.5068360000000001 0.999023 0.201172 0.800781 0.201172 0.800781 0.5068360000000001
2 0.162598 0.464844 0.23974600000000001 0.464844 0.23974600000000001 0.362305 0.162598 0.362305 0.162598 0.464844
2 0 0.658203 0.21386699999999997 0.658203 0.21386699999999997 0.359375 0 0.359375 0 0.658203
2 0.38622999999999996 0.564453 0.527344 0.564453 0.527344 0.333008 0.38622999999999996 0.333008 0.38622999999999996 0.564453