0 0.8876950000000001 0.267578 0.860352 0.267578 0.860352 0.355469 0.8876950000000001 0.355469 0.8876950000000001 0.267578
2 0.287109 0.394531 0.22949199999999997 0.394531 0.22949199999999997 0.493164 0.287109 0.493164 0.287109 0.394531
2 0.321289 0.38281200000000004 0.26416 0.38281200000000004 0.26416 0.475586 0.321289 0.475586 0.321289 0.38281200000000004
4 0 0.588867 0.120605 0.588867 0.120605 0.232422 0 0.232422 0 0.588867
0 0.933105 0.259766 0.8808590000000001 0.259766 0.8808590000000001 0.388672 0.933105 0.388672 0.933105 0.259766
2 0.638672 0.375977 0.5922850000000001 0.375977 0.5922850000000001 0.482422 0.638672 0.482422 0.638672 0.375977
2 0.699219 0.37207 0.620117 0.37207 0.620117 0.50293 0.699219 0.50293 0.699219 0.37207
2 0.219238 0.390625 0.10742199999999999 0.390625 0.10742199999999999 0.536133 0.219238 0.536133 0.219238 0.390625
2 0.756348 0.38281200000000004 0.652344 0.38281200000000004 0.652344 0.530273 0.756348 0.530273 0.756348 0.38281200000000004
2 0.999512 0.362305 0.8798830000000001 0.362305 0.8798830000000001 0.732422 0.999512 0.732422 0.999512 0.362305
2 0.941406 0.354492 0.734863 0.354492 0.734863 0.629883 0.941406 0.629883 0.941406 0.354492
0 0.7827149999999999 0.339844 0.762695 0.339844 0.762695 0.397461 0.7827149999999999 0.397461 0.7827149999999999 0.339844
0 0.723633 0.349609 0.709473 0.349609 0.709473 0.383789 0.723633 0.383789 0.723633 0.349609
0 0.700195 0.342773 0.682129 0.342773 0.682129 0.379883 0.700195 0.379883 0.700195 0.342773
2 0.378906 0.381836 0.360352 0.381836 0.360352 0.44335899999999995 0.378906 0.44335899999999995 0.378906 0.381836
2 0.42285199999999995 0.38281200000000004 0.404297 0.38281200000000004 0.404297 0.42675799999999997 0.42285199999999995 0.42675799999999997 0.42285199999999995 0.38281200000000004
2 0.40478500000000006 0.381836 0.374512 0.381836 0.374512 0.4375 0.40478500000000006 0.4375 0.40478500000000006 0.381836
0 0.976562 0.338867 0.9409179999999999 0.338867 0.9409179999999999 0.43652300000000005 0.976562 0.43652300000000005 0.976562 0.338867
4 0.363281 0.334961 0.25341800000000003 0.334961 0.25341800000000003 0.46093799999999996 0.363281 0.46093799999999996 0.363281 0.334961
2 0.6274409999999999 0.355469 0.5737300000000001 0.355469 0.5737300000000001 0.450195 0.6274409999999999 0.450195 0.6274409999999999 0.355469
2 0.23730500000000002 0.385742 0.19043000000000002 0.385742 0.19043000000000002 0.505859 0.23730500000000002 0.505859 0.23730500000000002 0.385742