0 0.543945 0.464844 0.560547 0.464844 0.560547 0.375 0.543945 0.375 0.543945 0.464844
2 0.521484 0.43652300000000005 0.5454100000000001 0.43652300000000005 0.5454100000000001 0.380859 0.521484 0.380859 0.521484 0.43652300000000005
1 0.344238 0.47168 0.375488 0.47168 0.375488 0.402344 0.344238 0.402344 0.344238 0.47168
0 0.507324 0.464844 0.5224610000000001 0.464844 0.5224610000000001 0.371094 0.507324 0.371094 0.507324 0.464844
4 0.143066 0.572266 0.327637 0.572266 0.327637 0.263672 0.143066 0.263672 0.143066 0.572266
0 0.496094 0.464844 0.5112300000000001 0.464844 0.5112300000000001 0.366211 0.496094 0.366211 0.496094 0.464844
2 0.446777 0.444336 0.477539 0.444336 0.477539 0.380859 0.446777 0.380859 0.446777 0.444336
0 0.563477 0.46386700000000003 0.581543 0.46386700000000003 0.581543 0.37793 0.563477 0.37793 0.563477 0.46386700000000003
0 0.472656 0.46777300000000005 0.49902300000000005 0.46777300000000005 0.49902300000000005 0.365234 0.472656 0.365234 0.472656 0.46777300000000005
1 0.324219 0.484375 0.342773 0.484375 0.342773 0.40625 0.324219 0.40625 0.324219 0.484375
2 0.000488 0.666992 0.22998 0.666992 0.22998 0.28125 0.000488 0.28125 0.000488 0.666992
1 0.362588 0.467656 0.40098599999999995 0.467656 0.40098599999999995 0.401104 0.362588 0.401104 0.362588 0.467656
0 0.816514 0.48301800000000006 0.8395509999999999 0.48301800000000006 0.8395509999999999 0.382334 0.816514 0.382334 0.816514 0.48301800000000006