0 0.456055 0.375 0.439453 0.375 0.439453 0.464844 0.456055 0.464844 0.456055 0.375
2 0.47851600000000005 0.380859 0.45458999999999994 0.380859 0.45458999999999994 0.43652300000000005 0.47851600000000005 0.43652300000000005 0.47851600000000005 0.380859
1 0.655762 0.402344 0.624512 0.402344 0.624512 0.47168 0.655762 0.47168 0.655762 0.402344
0 0.492676 0.371094 0.477539 0.371094 0.477539 0.464844 0.492676 0.464844 0.492676 0.371094
4 0.8569340000000001 0.263672 0.672363 0.263672 0.672363 0.572266 0.8569340000000001 0.572266 0.8569340000000001 0.263672
0 0.503906 0.366211 0.48877 0.366211 0.48877 0.464844 0.503906 0.464844 0.503906 0.366211
2 0.553223 0.380859 0.5224610000000001 0.380859 0.5224610000000001 0.444336 0.553223 0.444336 0.553223 0.380859
0 0.43652300000000005 0.37793 0.41845699999999997 0.37793 0.41845699999999997 0.46386700000000003 0.43652300000000005 0.46386700000000003 0.43652300000000005 0.37793
0 0.527344 0.365234 0.500977 0.365234 0.500977 0.46777300000000005 0.527344 0.46777300000000005 0.527344 0.365234
1 0.675781 0.40625 0.657227 0.40625 0.657227 0.484375 0.675781 0.484375 0.675781 0.40625
2 0.999512 0.28125 0.7700199999999999 0.28125 0.7700199999999999 0.666992 0.999512 0.666992 0.999512 0.28125
1 0.637412 0.401104 0.599014 0.401104 0.599014 0.467656 0.637412 0.467656 0.637412 0.401104
0 0.18348599999999998 0.382334 0.160449 0.382334 0.160449 0.48301800000000006 0.18348599999999998 0.48301800000000006 0.18348599999999998 0.382334