2 0.803223 0.46386700000000003 0.839355 0.46386700000000003 0.839355 0.40039100000000005 0.803223 0.40039100000000005 0.803223 0.46386700000000003
0 0.341309 0.449219 0.35497999999999996 0.449219 0.35497999999999996 0.364258 0.341309 0.364258 0.341309 0.449219
0 0.770996 0.45214800000000005 0.78125 0.45214800000000005 0.78125 0.39843799999999996 0.770996 0.39843799999999996 0.770996 0.45214800000000005
0 0.639648 0.692676 0.759766 0.692676 0.759766 0.311523 0.639648 0.311523 0.639648 0.692676
0 0.565283 0.705762 0.662012 0.705762 0.662012 0.297871 0.565283 0.297871 0.565283 0.705762
0 0.865723 0.7275389999999999 0.9248049999999999 0.7275389999999999 0.9248049999999999 0.27832 0.865723 0.27832 0.865723 0.7275389999999999
2 0.949219 0.488281 0.996094 0.488281 0.996094 0.415039 0.949219 0.415039 0.949219 0.488281
0 0.118164 0.46875 0.165527 0.46875 0.165527 0.324219 0.118164 0.324219 0.118164 0.46875
2 0.821777 0.472656 0.855469 0.472656 0.855469 0.41210899999999995 0.821777 0.41210899999999995 0.821777 0.472656
0 0.164551 0.533203 0.21240199999999998 0.533203 0.21240199999999998 0.30468799999999996 0.164551 0.30468799999999996 0.164551 0.533203
0 0.335449 0.629883 0.42026399999999997 0.629883 0.42026399999999997 0.30468799999999996 0.335449 0.30468799999999996 0.335449 0.629883
4 0.687012 0.459961 0.754883 0.459961 0.754883 0.347656 0.687012 0.347656 0.687012 0.459961
0 0.25341800000000003 0.566406 0.302734 0.566406 0.302734 0.326172 0.25341800000000003 0.326172 0.25341800000000003 0.566406
2 0.001465 0.873047 0.199707 0.873047 0.199707 0.303711 0.001465 0.303711 0.001465 0.873047