0 0.6518550000000001 0.332031 0.6337889999999999 0.332031 0.6337889999999999 0.457031 0.6518550000000001 0.457031 0.6518550000000001 0.332031
0 0.769043 0.331055 0.735352 0.331055 0.735352 0.496094 0.769043 0.496094 0.769043 0.331055
0 0.6987300000000001 0.348633 0.678223 0.348633 0.678223 0.44726600000000005 0.6987300000000001 0.44726600000000005 0.6987300000000001 0.348633
0 0.14843800000000001 0.326172 0.132324 0.326172 0.132324 0.44043 0.14843800000000001 0.44043 0.14843800000000001 0.326172
0 0.257324 0.323242 0.234863 0.323242 0.234863 0.449219 0.257324 0.449219 0.257324 0.323242
0 0.217773 0.332031 0.20605500000000002 0.332031 0.20605500000000002 0.41113299999999997 0.217773 0.41113299999999997 0.217773 0.332031
1 0.9868159999999999 0.40039100000000005 0.882812 0.40039100000000005 0.882812 0.568359 0.9868159999999999 0.568359 0.9868159999999999 0.40039100000000005
0 0.13623000000000002 0.317383 0.117188 0.317383 0.117188 0.439453 0.13623000000000002 0.439453 0.13623000000000002 0.317383
0 0.92627 0.34375 0.8940429999999999 0.34375 0.8940429999999999 0.466797 0.92627 0.466797 0.92627 0.34375
2 0.537109 0.34375 0.40966800000000003 0.34375 0.40966800000000003 0.536133 0.537109 0.536133 0.537109 0.34375
0 0.6630860000000001 0.33593799999999996 0.648438 0.33593799999999996 0.648438 0.456055 0.6630860000000001 0.456055 0.6630860000000001 0.33593799999999996
0 0.24150900000000003 0.319189 0.211646 0.319189 0.211646 0.467656 0.24150900000000003 0.467656 0.24150900000000003 0.319189