2 0.6674800000000001 0.46972699999999995 0.7368159999999999 0.46972699999999995 0.7368159999999999 0.37207 0.6674800000000001 0.37207 0.6674800000000001 0.46972699999999995
2 0.444824 0.549805 0.572266 0.549805 0.572266 0.329199 0.444824 0.329199 0.444824 0.549805
0 0.23046899999999998 0.464844 0.246582 0.464844 0.246582 0.350586 0.23046899999999998 0.350586 0.23046899999999998 0.464844
0 0.6005860000000001 0.4375 0.612793 0.4375 0.612793 0.36718799999999996 0.6005860000000001 0.36718799999999996 0.6005860000000001 0.4375
0 0.244141 0.46582 0.260742 0.46582 0.260742 0.362305 0.244141 0.362305 0.244141 0.46582
0 0.328125 0.450195 0.342773 0.450195 0.342773 0.370117 0.328125 0.370117 0.328125 0.450195
0 0.586426 0.43457 0.599121 0.43457 0.599121 0.36718799999999996 0.586426 0.36718799999999996 0.586426 0.43457
0 0.312012 0.449219 0.328125 0.449219 0.328125 0.361328 0.312012 0.361328 0.312012 0.449219
1 0.024413999999999998 0.558594 0.125 0.558594 0.125 0.40722699999999995 0.024413999999999998 0.40722699999999995 0.024413999999999998 0.558594
1 0.09228499999999999 0.543945 0.21240199999999998 0.543945 0.21240199999999998 0.40722699999999995 0.09228499999999999 0.40722699999999995 0.09228499999999999 0.543945
1 0.259277 0.501953 0.313477 0.501953 0.313477 0.388672 0.259277 0.388672 0.259277 0.501953