2 0.33252000000000004 0.37207 0.263184 0.37207 0.263184 0.46972699999999995 0.33252000000000004 0.46972699999999995 0.33252000000000004 0.37207
2 0.555176 0.329199 0.42773399999999995 0.329199 0.42773399999999995 0.549805 0.555176 0.549805 0.555176 0.329199
0 0.769531 0.350586 0.753418 0.350586 0.753418 0.464844 0.769531 0.464844 0.769531 0.350586
0 0.399414 0.36718799999999996 0.38720699999999997 0.36718799999999996 0.38720699999999997 0.4375 0.399414 0.4375 0.399414 0.36718799999999996
0 0.755859 0.362305 0.739258 0.362305 0.739258 0.46582 0.755859 0.46582 0.755859 0.362305
0 0.671875 0.370117 0.657227 0.370117 0.657227 0.450195 0.671875 0.450195 0.671875 0.370117
0 0.413574 0.36718799999999996 0.40087900000000004 0.36718799999999996 0.40087900000000004 0.43457 0.413574 0.43457 0.413574 0.36718799999999996
0 0.687988 0.361328 0.671875 0.361328 0.671875 0.449219 0.687988 0.449219 0.687988 0.361328
1 0.9755860000000001 0.40722699999999995 0.875 0.40722699999999995 0.875 0.558594 0.9755860000000001 0.558594 0.9755860000000001 0.40722699999999995
1 0.9077149999999999 0.40722699999999995 0.787598 0.40722699999999995 0.787598 0.543945 0.9077149999999999 0.543945 0.9077149999999999 0.40722699999999995
1 0.740723 0.388672 0.686523 0.388672 0.686523 0.501953 0.740723 0.501953 0.740723 0.388672