0 0.723633 0.527344 0.7514649999999999 0.527344 0.7514649999999999 0.316406 0.723633 0.316406 0.723633 0.527344
0 0.7475590000000001 0.523438 0.786133 0.523438 0.786133 0.325195 0.7475590000000001 0.325195 0.7475590000000001 0.523438
2 0.7768550000000001 0.488281 0.8774409999999999 0.488281 0.8774409999999999 0.366211 0.7768550000000001 0.366211 0.7768550000000001 0.488281
2 0.652832 0.47460899999999995 0.725098 0.47460899999999995 0.725098 0.378906 0.652832 0.378906 0.652832 0.47460899999999995
2 0.6025389999999999 0.46972699999999995 0.6606449999999999 0.46972699999999995 0.6606449999999999 0.388672 0.6025389999999999 0.388672 0.6025389999999999 0.46972699999999995
2 0.19189499999999998 0.455078 0.292969 0.455078 0.292969 0.366211 0.19189499999999998 0.366211 0.19189499999999998 0.455078
2 0.460449 0.44335899999999995 0.49902300000000005 0.44335899999999995 0.49902300000000005 0.381836 0.460449 0.381836 0.460449 0.44335899999999995
2 0.512695 0.45800799999999997 0.5454100000000001 0.45800799999999997 0.5454100000000001 0.384766 0.512695 0.384766 0.512695 0.45800799999999997
2 0.863281 0.491211 0.999512 0.491211 0.999512 0.375977 0.863281 0.375977 0.863281 0.491211
2 0.486328 0.45214800000000005 0.519531 0.45214800000000005 0.519531 0.387695 0.486328 0.387695 0.486328 0.45214800000000005
2 0.5424800000000001 0.466797 0.633301 0.466797 0.633301 0.363281 0.5424800000000001 0.363281 0.5424800000000001 0.466797
2 1 0.389453 0.9736330000000001 0.389453 0.9736330000000001 0.487305 1 0.487305 1 0.389453
2 0.140625 0.41601600000000005 0.187988 0.41601600000000005 0.187988 0.368164 0.140625 0.368164 0.140625 0.41601600000000005