2 0.671875 0.375 0.637207 0.375 0.637207 0.45410199999999995 0.671875 0.45410199999999995 0.671875 0.375
2 0.9975590000000001 0.365234 0.787598 0.365234 0.787598 0.577148 0.9975590000000001 0.577148 0.9975590000000001 0.365234
2 0.999512 0.375977 0.8930659999999999 0.375977 0.8930659999999999 0.708008 0.999512 0.708008 0.999512 0.375977
4 0.46630900000000003 0.258789 0.374512 0.258789 0.374512 0.477539 0.46630900000000003 0.477539 0.46630900000000003 0.258789
0 0.8452149999999999 0.32031200000000004 0.8027340000000001 0.32031200000000004 0.8027340000000001 0.44726600000000005 0.8452149999999999 0.44726600000000005 0.8452149999999999 0.32031200000000004
2 0.650879 0.379883 0.6118159999999999 0.379883 0.6118159999999999 0.44335899999999995 0.650879 0.44335899999999995 0.650879 0.379883
2 0.78418 0.353516 0.699707 0.353516 0.699707 0.49414100000000005 0.78418 0.49414100000000005 0.78418 0.353516
2 0.695312 0.370117 0.637207 0.370117 0.637207 0.45800799999999997 0.695312 0.45800799999999997 0.695312 0.370117
2 0.7255860000000001 0.359375 0.672363 0.359375 0.672363 0.470703 0.7255860000000001 0.470703 0.7255860000000001 0.359375
2 0.6225590000000001 0.379883 0.585449 0.379883 0.585449 0.43164100000000005 0.6225590000000001 0.43164100000000005 0.6225590000000001 0.379883
2 0.8100590000000001 0.358398 0.757324 0.358398 0.757324 0.525391 0.8100590000000001 0.525391 0.8100590000000001 0.358398
2 0.793457 0.361328 0.739746 0.361328 0.739746 0.503906 0.793457 0.503906 0.793457 0.361328
0 0.325195 0.361328 0.308594 0.361328 0.308594 0.453125 0.325195 0.453125 0.325195 0.361328
2 0.9433590000000001 0.347656 0.8369139999999999 0.347656 0.8369139999999999 0.423828 0.9433590000000001 0.423828 0.9433590000000001 0.347656
2 0.547363 0.37793 0.512695 0.37793 0.512695 0.41601600000000005 0.547363 0.41601600000000005 0.547363 0.37793