4 0.7944340000000001 0.211914 0.619629 0.211914 0.619629 0.550781 0.7944340000000001 0.550781 0.7944340000000001 0.211914
2 0.323242 0.361328 0.081055 0.361328 0.081055 0.6875 0.323242 0.6875 0.323242 0.361328
2 1 0.321289 0.754883 0.321289 0.754883 0.757812 1 0.757812 1 0.321289
2 0.378906 0.36718799999999996 0.269531 0.36718799999999996 0.269531 0.585938 0.378906 0.585938 0.378906 0.36718799999999996
2 0.41699200000000003 0.388672 0.356445 0.388672 0.356445 0.527344 0.41699200000000003 0.527344 0.41699200000000003 0.388672
2 0.623047 0.387695 0.581055 0.387695 0.581055 0.49414100000000005 0.623047 0.49414100000000005 0.623047 0.387695
2 0.599609 0.379883 0.560547 0.379883 0.560547 0.46875 0.599609 0.46875 0.599609 0.379883
2 0.450195 0.387695 0.397461 0.387695 0.397461 0.501953 0.450195 0.501953 0.450195 0.387695
2 0.882812 0.32031200000000004 0.6987300000000001 0.32031200000000004 0.6987300000000001 0.619141 0.882812 0.619141 0.882812 0.32031200000000004
2 0.47216800000000003 0.378906 0.42773399999999995 0.378906 0.42773399999999995 0.46582 0.47216800000000003 0.46582 0.47216800000000003 0.378906
2 0.566406 0.387695 0.540527 0.387695 0.540527 0.45898399999999995 0.566406 0.45898399999999995 0.566406 0.387695
2 0.493164 0.391602 0.46289100000000005 0.391602 0.46289100000000005 0.43847699999999995 0.493164 0.43847699999999995 0.493164 0.391602
2 0.48193400000000003 0.391602 0.46337900000000004 0.391602 0.46337900000000004 0.44043 0.48193400000000003 0.44043 0.48193400000000003 0.391602