1 0.910645 0.526367 0.941406 0.526367 0.941406 0.409961 0.910645 0.409961 0.910645 0.526367
2 0.749512 0.572266 0.89502 0.572266 0.89502 0.376953 0.749512 0.376953 0.749512 0.572266
2 0.385254 0.551758 0.519043 0.551758 0.519043 0.37207 0.385254 0.37207 0.385254 0.551758
2 0.720703 0.529297 0.775879 0.529297 0.775879 0.393555 0.720703 0.393555 0.720703 0.529297
0 0.305176 0.52832 0.33935499999999996 0.52832 0.33935499999999996 0.325195 0.305176 0.325195 0.305176 0.52832
2 0.695312 0.5068360000000001 0.771484 0.5068360000000001 0.771484 0.383789 0.695312 0.383789 0.695312 0.5068360000000001
2 0.661621 0.46777300000000005 0.7163090000000001 0.46777300000000005 0.7163090000000001 0.373047 0.661621 0.373047 0.661621 0.46777300000000005
2 0.5668949999999999 0.428711 0.598633 0.428711 0.598633 0.395508 0.5668949999999999 0.395508 0.5668949999999999 0.428711
2 0.621582 0.43164100000000005 0.650879 0.43164100000000005 0.650879 0.394531 0.621582 0.394531 0.621582 0.43164100000000005
2 0.5244139999999999 0.46093799999999996 0.5668949999999999 0.46093799999999996 0.5668949999999999 0.388672 0.5244139999999999 0.388672 0.5244139999999999 0.46093799999999996
2 0.505859 0.493164 0.535156 0.493164 0.535156 0.380859 0.505859 0.380859 0.505859 0.493164
2 0.645508 0.446289 0.669922 0.446289 0.669922 0.390625 0.645508 0.390625 0.645508 0.446289
3 0.354492 0.48535199999999995 0.39209 0.48535199999999995 0.39209 0.381836 0.354492 0.381836 0.354492 0.48535199999999995