1 0.08935499999999999 0.409961 0.058594 0.409961 0.058594 0.526367 0.08935499999999999 0.526367 0.08935499999999999 0.409961
2 0.250488 0.376953 0.10498 0.376953 0.10498 0.572266 0.250488 0.572266 0.250488 0.376953
2 0.614746 0.37207 0.48095699999999997 0.37207 0.48095699999999997 0.551758 0.614746 0.551758 0.614746 0.37207
2 0.279297 0.393555 0.22412100000000001 0.393555 0.22412100000000001 0.529297 0.279297 0.529297 0.279297 0.393555
0 0.694824 0.325195 0.6606449999999999 0.325195 0.6606449999999999 0.52832 0.694824 0.52832 0.694824 0.325195
2 0.30468799999999996 0.383789 0.228516 0.383789 0.228516 0.5068360000000001 0.30468799999999996 0.5068360000000001 0.30468799999999996 0.383789
2 0.338379 0.373047 0.283691 0.373047 0.283691 0.46777300000000005 0.338379 0.46777300000000005 0.338379 0.373047
2 0.433105 0.395508 0.40136700000000003 0.395508 0.40136700000000003 0.428711 0.433105 0.428711 0.433105 0.395508
2 0.37841800000000003 0.394531 0.349121 0.394531 0.349121 0.43164100000000005 0.37841800000000003 0.43164100000000005 0.37841800000000003 0.394531
2 0.475586 0.388672 0.433105 0.388672 0.433105 0.46093799999999996 0.475586 0.46093799999999996 0.475586 0.388672
2 0.49414100000000005 0.380859 0.464844 0.380859 0.464844 0.493164 0.49414100000000005 0.493164 0.49414100000000005 0.380859
2 0.354492 0.390625 0.330078 0.390625 0.330078 0.446289 0.354492 0.446289 0.354492 0.390625
3 0.645508 0.381836 0.6079100000000001 0.381836 0.6079100000000001 0.48535199999999995 0.645508 0.48535199999999995 0.645508 0.381836