0 0.470703 0.765625 0.609863 0.765625 0.609863 0.193359 0.470703 0.193359 0.470703 0.765625
2 0.330078 0.45800799999999997 0.415039 0.45800799999999997 0.415039 0.348633 0.330078 0.348633 0.330078 0.45800799999999997
0 0.8940429999999999 0.598633 0.936523 0.598633 0.936523 0.23828100000000002 0.8940429999999999 0.23828100000000002 0.8940429999999999 0.598633
0 0.744141 0.550781 0.789062 0.550781 0.789062 0.244141 0.744141 0.244141 0.744141 0.550781
2 0.39843799999999996 0.44043 0.42089800000000005 0.44043 0.42089800000000005 0.366211 0.39843799999999996 0.366211 0.39843799999999996 0.44043
0 0.048827999999999996 0.410156 0.062012 0.410156 0.062012 0.326172 0.048827999999999996 0.326172 0.048827999999999996 0.410156
0 0.060547 0.433594 0.07714800000000001 0.433594 0.07714800000000001 0.329102 0.060547 0.329102 0.060547 0.433594
0 0.389648 0.787109 0.549805 0.787109 0.549805 0.23925800000000003 0.389648 0.23925800000000003 0.389648 0.787109
2 0.084961 0.477539 0.277344 0.477539 0.277344 0.347656 0.084961 0.347656 0.084961 0.477539
0 0.214355 0.629883 0.275879 0.629883 0.275879 0.40722699999999995 0.214355 0.40722699999999995 0.214355 0.629883
0 1 0.303711 0.901855 0.303711 0.901855 0.617188 1 0.617188 1 0.303711
0 0.830078 0.670898 0.895996 0.670898 0.895996 0.243164 0.830078 0.243164 0.830078 0.670898
0 0.589844 0.700195 0.804297 0.700195 0.804297 0.22363300000000003 0.589844 0.22363300000000003 0.589844 0.700195
0 0.266602 0.639648 0.336426 0.639648 0.336426 0.261719 0.266602 0.261719 0.266602 0.639648