0 0.529297 0.193359 0.390137 0.193359 0.390137 0.765625 0.529297 0.765625 0.529297 0.193359
2 0.669922 0.348633 0.5849610000000001 0.348633 0.5849610000000001 0.45800799999999997 0.669922 0.45800799999999997 0.669922 0.348633
0 0.105957 0.23828100000000002 0.06347699999999999 0.23828100000000002 0.06347699999999999 0.598633 0.105957 0.598633 0.105957 0.23828100000000002
0 0.255859 0.244141 0.210938 0.244141 0.210938 0.550781 0.255859 0.550781 0.255859 0.244141
2 0.601562 0.366211 0.579102 0.366211 0.579102 0.44043 0.601562 0.44043 0.601562 0.366211
0 0.951172 0.326172 0.937988 0.326172 0.937988 0.410156 0.951172 0.410156 0.951172 0.326172
0 0.939453 0.329102 0.922852 0.329102 0.922852 0.433594 0.939453 0.433594 0.939453 0.329102
0 0.610352 0.23925800000000003 0.450195 0.23925800000000003 0.450195 0.787109 0.610352 0.787109 0.610352 0.23925800000000003
2 0.9150389999999999 0.347656 0.722656 0.347656 0.722656 0.477539 0.9150389999999999 0.477539 0.9150389999999999 0.347656
0 0.7856449999999999 0.40722699999999995 0.724121 0.40722699999999995 0.724121 0.629883 0.7856449999999999 0.629883 0.7856449999999999 0.40722699999999995
0 0 0.617188 0.09814500000000001 0.617188 0.09814500000000001 0.303711 0 0.303711 0 0.617188
0 0.169922 0.243164 0.10400400000000001 0.243164 0.10400400000000001 0.670898 0.169922 0.670898 0.169922 0.243164
0 0.410156 0.22363300000000003 0.19570300000000002 0.22363300000000003 0.19570300000000002 0.700195 0.410156 0.700195 0.410156 0.22363300000000003
0 0.733398 0.261719 0.663574 0.261719 0.663574 0.639648 0.733398 0.639648 0.733398 0.261719