0 0.712891 0.350586 0.6962889999999999 0.350586 0.6962889999999999 0.44238299999999997 0.712891 0.44238299999999997 0.712891 0.350586
2 0.40332 0.371094 0.354004 0.371094 0.354004 0.433594 0.40332 0.433594 0.40332 0.371094
1 0.852051 0.325 0.782227 0.325 0.782227 0.464844 0.852051 0.464844 0.852051 0.325
2 0.356934 0.379883 0.319824 0.379883 0.319824 0.44335899999999995 0.356934 0.44335899999999995 0.356934 0.379883
1 0.947754 0.326758 0.873047 0.326758 0.873047 0.461914 0.947754 0.461914 0.947754 0.326758
2 0.327148 0.378906 0.236328 0.378906 0.236328 0.455078 0.327148 0.455078 0.327148 0.378906
1 0.178223 0.355566 0.141602 0.355566 0.141602 0.46777300000000005 0.178223 0.46777300000000005 0.178223 0.355566
1 1 0.376953 0.9565429999999999 0.376953 0.9565429999999999 0.457031 1 0.457031 1 0.376953
1 0.571777 0.35166 0.519043 0.35166 0.519043 0.461914 0.571777 0.461914 0.571777 0.35166
1 0.693848 0.338184 0.626953 0.338184 0.626953 0.46582 0.693848 0.46582 0.693848 0.338184
0 1 0.325195 0.97998 0.325195 0.97998 0.44335899999999995 1 0.44335899999999995 1 0.325195
1 0.693359 0.334082 0.6274409999999999 0.334082 0.6274409999999999 0.466797 0.693359 0.466797 0.693359 0.334082
0 0.641113 0.355469 0.62207 0.355469 0.62207 0.446289 0.641113 0.446289 0.641113 0.355469
0 0.42627 0.364258 0.40771499999999994 0.364258 0.40771499999999994 0.45214800000000005 0.42627 0.45214800000000005 0.42627 0.364258
0 0.6118159999999999 0.355469 0.573242 0.355469 0.573242 0.449219 0.6118159999999999 0.449219 0.6118159999999999 0.355469
1 0.572266 0.339941 0.519043 0.339941 0.519043 0.46289100000000005 0.572266 0.46289100000000005 0.572266 0.339941
0 0.47900400000000004 0.350586 0.46337900000000004 0.350586 0.46337900000000004 0.45214800000000005 0.47900400000000004 0.45214800000000005 0.47900400000000004 0.350586