2 0.405762 0.383789 0.299316 0.383789 0.299316 0.496094 0.405762 0.496094 0.405762 0.383789
0 0.749512 0.302734 0.703125 0.302734 0.703125 0.5556639999999999 0.749512 0.5556639999999999 0.749512 0.302734
0 0.696777 0.333008 0.6586909999999999 0.333008 0.6586909999999999 0.546875 0.696777 0.546875 0.696777 0.333008
2 0.43603500000000006 0.41699200000000003 0.40039100000000005 0.41699200000000003 0.40039100000000005 0.475586 0.43603500000000006 0.475586 0.43603500000000006 0.41699200000000003
0 0.800781 0.322266 0.767578 0.322266 0.767578 0.548828 0.800781 0.548828 0.800781 0.322266
0 0.217285 0.393555 0.20166 0.393555 0.20166 0.48339800000000005 0.217285 0.48339800000000005 0.217285 0.393555
0 0.658203 0.375 0.634277 0.375 0.634277 0.507812 0.658203 0.507812 0.658203 0.375
0 0.244141 0.396484 0.22998 0.396484 0.22998 0.481445 0.244141 0.481445 0.244141 0.396484
0 0.265625 0.40039100000000005 0.25293 0.40039100000000005 0.25293 0.47363299999999997 0.265625 0.47363299999999997 0.265625 0.40039100000000005
0 0.62207 0.368164 0.604492 0.368164 0.604492 0.49511700000000003 0.62207 0.49511700000000003 0.62207 0.368164
0 0.6391600000000001 0.40136700000000003 0.617188 0.40136700000000003 0.617188 0.5087889999999999 0.6391600000000001 0.5087889999999999 0.6391600000000001 0.40136700000000003