1 0.248047 0.418945 0.233887 0.418945 0.233887 0.491211 0.248047 0.491211 0.248047 0.418945
0 0.285156 0.362305 0.265137 0.362305 0.265137 0.46777300000000005 0.285156 0.46777300000000005 0.285156 0.362305
1 0.285156 0.41210899999999995 0.25341800000000003 0.41210899999999995 0.25341800000000003 0.486328 0.285156 0.486328 0.285156 0.41210899999999995
2 0.609863 0.366211 0.581543 0.366211 0.581543 0.42968799999999996 0.609863 0.42968799999999996 0.609863 0.366211
1 0.26709 0.413086 0.24365199999999998 0.413086 0.24365199999999998 0.487305 0.26709 0.487305 0.26709 0.413086
2 0.625488 0.369141 0.599121 0.369141 0.599121 0.44531200000000004 0.625488 0.44531200000000004 0.625488 0.369141
0 0.28418 0.363281 0.266113 0.363281 0.266113 0.425781 0.28418 0.425781 0.28418 0.363281
2 0.975098 0.321289 0.7700199999999999 0.321289 0.7700199999999999 0.606445 0.975098 0.606445 0.975098 0.321289
2 0.466797 0.376953 0.419922 0.376953 0.419922 0.449219 0.466797 0.449219 0.466797 0.376953
2 0.999512 0.28418 0.91748 0.28418 0.91748 0.666992 0.999512 0.666992 0.999512 0.28418
2 0.571777 0.373047 0.530762 0.373047 0.530762 0.428711 0.571777 0.428711 0.571777 0.373047
2 0.6630860000000001 0.364258 0.616699 0.364258 0.616699 0.459961 0.6630860000000001 0.459961 0.6630860000000001 0.364258
0 0.215332 0.358398 0.195801 0.358398 0.195801 0.47460899999999995 0.215332 0.47460899999999995 0.215332 0.358398
2 0.683594 0.359375 0.644531 0.359375 0.644531 0.47949200000000003 0.683594 0.47949200000000003 0.683594 0.359375
0 0.250488 0.366211 0.23046899999999998 0.366211 0.23046899999999998 0.47949200000000003 0.250488 0.47949200000000003 0.250488 0.366211
0 0.231934 0.374023 0.21240199999999998 0.374023 0.21240199999999998 0.47656200000000004 0.231934 0.47656200000000004 0.231934 0.374023
2 0.814453 0.291992 0.672363 0.291992 0.672363 0.510742 0.814453 0.510742 0.814453 0.291992
0 0.332031 0.369141 0.319336 0.369141 0.319336 0.433594 0.332031 0.433594 0.332031 0.369141
2 0.358887 0.388672 0.330078 0.388672 0.330078 0.42285199999999995 0.358887 0.42285199999999995 0.358887 0.388672