1 0.751953 0.491211 0.766113 0.491211 0.766113 0.418945 0.751953 0.418945 0.751953 0.491211
0 0.714844 0.46777300000000005 0.734863 0.46777300000000005 0.734863 0.362305 0.714844 0.362305 0.714844 0.46777300000000005
1 0.714844 0.486328 0.746582 0.486328 0.746582 0.41210899999999995 0.714844 0.41210899999999995 0.714844 0.486328
2 0.390137 0.42968799999999996 0.41845699999999997 0.42968799999999996 0.41845699999999997 0.366211 0.390137 0.366211 0.390137 0.42968799999999996
1 0.7329100000000001 0.487305 0.756348 0.487305 0.756348 0.413086 0.7329100000000001 0.413086 0.7329100000000001 0.487305
2 0.374512 0.44531200000000004 0.40087900000000004 0.44531200000000004 0.40087900000000004 0.369141 0.374512 0.369141 0.374512 0.44531200000000004
0 0.71582 0.425781 0.733887 0.425781 0.733887 0.363281 0.71582 0.363281 0.71582 0.425781
2 0.024902 0.606445 0.22998 0.606445 0.22998 0.321289 0.024902 0.321289 0.024902 0.606445
2 0.533203 0.449219 0.580078 0.449219 0.580078 0.376953 0.533203 0.376953 0.533203 0.449219
2 0.000488 0.666992 0.08252000000000001 0.666992 0.08252000000000001 0.28418 0.000488 0.28418 0.000488 0.666992
2 0.428223 0.428711 0.469238 0.428711 0.469238 0.373047 0.428223 0.373047 0.428223 0.428711
2 0.336914 0.459961 0.383301 0.459961 0.383301 0.364258 0.336914 0.364258 0.336914 0.459961
0 0.784668 0.47460899999999995 0.804199 0.47460899999999995 0.804199 0.358398 0.784668 0.358398 0.784668 0.47460899999999995
2 0.316406 0.47949200000000003 0.355469 0.47949200000000003 0.355469 0.359375 0.316406 0.359375 0.316406 0.47949200000000003
0 0.749512 0.47949200000000003 0.769531 0.47949200000000003 0.769531 0.366211 0.749512 0.366211 0.749512 0.47949200000000003
0 0.7680659999999999 0.47656200000000004 0.787598 0.47656200000000004 0.787598 0.374023 0.7680659999999999 0.374023 0.7680659999999999 0.47656200000000004
2 0.185547 0.510742 0.327637 0.510742 0.327637 0.291992 0.185547 0.291992 0.185547 0.510742
0 0.667969 0.433594 0.6806639999999999 0.433594 0.6806639999999999 0.369141 0.667969 0.369141 0.667969 0.433594
2 0.641113 0.42285199999999995 0.669922 0.42285199999999995 0.669922 0.388672 0.641113 0.388672 0.641113 0.42285199999999995