2 0.02832 0.49902300000000005 0.187988 0.49902300000000005 0.187988 0.337891 0.02832 0.337891 0.02832 0.49902300000000005
0 0.496094 0.632812 0.5639649999999999 0.632812 0.5639649999999999 0.269531 0.496094 0.269531 0.496094 0.632812
0 0.203125 0.6806639999999999 0.314453 0.6806639999999999 0.314453 0.258789 0.203125 0.258789 0.203125 0.6806639999999999
0 0.691406 0.47363299999999997 0.710938 0.47363299999999997 0.710938 0.353516 0.691406 0.353516 0.691406 0.47363299999999997
0 0.24169900000000002 0.65918 0.318848 0.65918 0.318848 0.248047 0.24169900000000002 0.248047 0.24169900000000002 0.65918
0 0.349121 0.446289 0.363281 0.446289 0.363281 0.373047 0.349121 0.373047 0.349121 0.446289
0 0.332031 0.441406 0.34716800000000003 0.441406 0.34716800000000003 0.37793 0.332031 0.37793 0.332031 0.441406
0 0.9096679999999999 0.491211 0.943848 0.491211 0.943848 0.339844 0.9096679999999999 0.339844 0.9096679999999999 0.491211
0 0.665527 0.470703 0.6875 0.470703 0.6875 0.359375 0.665527 0.359375 0.665527 0.470703
0 0.624512 0.45214800000000005 0.639648 0.45214800000000005 0.639648 0.369141 0.624512 0.369141 0.624512 0.45214800000000005
0 0.769043 0.46582 0.787109 0.46582 0.787109 0.363281 0.769043 0.363281 0.769043 0.46582
0 0.636719 0.45214800000000005 0.646973 0.45214800000000005 0.646973 0.394531 0.636719 0.394531 0.636719 0.45214800000000005
0 0.652344 0.45214800000000005 0.666016 0.45214800000000005 0.666016 0.385742 0.652344 0.385742 0.652344 0.45214800000000005
1 0.9316409999999999 0.510742 0.977051 0.510742 0.977051 0.41406200000000004 0.9316409999999999 0.41406200000000004 0.9316409999999999 0.510742
1 0.828613 0.491211 0.900879 0.491211 0.900879 0.40918 0.828613 0.40918 0.828613 0.491211
0 0.186523 0.428711 0.197754 0.428711 0.197754 0.366211 0.186523 0.366211 0.186523 0.428711
0 0.297852 0.44043 0.308594 0.44043 0.308594 0.373047 0.297852 0.373047 0.297852 0.44043
1 0.720952 0.48301800000000006 0.751665 0.48301800000000006 0.751665 0.373799 0.720952 0.373799 0.720952 0.48301800000000006