2 0.7016600000000001 0.49218799999999996 0.8505860000000001 0.49218799999999996 0.8505860000000001 0.392578 0.7016600000000001 0.392578 0.7016600000000001 0.49218799999999996
0 0.8408200000000001 0.544922 0.876953 0.544922 0.876953 0.33593799999999996 0.8408200000000001 0.33593799999999996 0.8408200000000001 0.544922
0 0.325684 0.537109 0.360352 0.537109 0.360352 0.313477 0.325684 0.313477 0.325684 0.537109
2 0 0.707031 0.287109 0.707031 0.287109 0.157227 0 0.157227 0 0.707031
0 0.355469 0.511719 0.379883 0.511719 0.379883 0.317383 0.355469 0.317383 0.355469 0.511719
0 0.305664 0.511719 0.330078 0.511719 0.330078 0.321289 0.305664 0.321289 0.305664 0.511719
1 0.8928470000000001 0.504346 0.950562 0.504346 0.950562 0.346924 0.8928470000000001 0.346924 0.8928470000000001 0.504346
1 0.277344 0.556641 0.327148 0.556641 0.327148 0.395508 0.277344 0.395508 0.277344 0.556641
2 0.000488 0.9482419999999999 0.056641 0.9482419999999999 0.056641 0.42773399999999995 0.000488 0.42773399999999995 0.000488 0.9482419999999999
2 0.5170899999999999 0.519531 0.657227 0.519531 0.657227 0.375977 0.5170899999999999 0.375977 0.5170899999999999 0.519531
1 0.150986 0.49154299999999995 0.20473599999999997 0.49154299999999995 0.20473599999999997 0.394277 0.150986 0.394277 0.150986 0.49154299999999995
1 0.067368 0.493252 0.12453099999999999 0.493252 0.12453099999999999 0.404512 0.067368 0.404512 0.067368 0.493252
1 0.023853 0.489844 0.069072 0.489844 0.069072 0.395986 0.023853 0.395986 0.023853 0.489844
1 0.928286 0.5120210000000001 0.9803369999999999 0.5120210000000001 0.9803369999999999 0.348203 0.928286 0.348203 0.928286 0.5120210000000001
0 0.267026 0.41133800000000004 0.310542 0.41133800000000004 0.310542 0.288477 0.267026 0.288477 0.267026 0.41133800000000004
0 0.261055 0.385742 0.290063 0.385742 0.290063 0.297012 0.261055 0.297012 0.261055 0.385742
0 0.489722 0.46253900000000003 0.508491 0.46253900000000003 0.508491 0.348203 0.489722 0.348203 0.489722 0.46253900000000003
0 0.43426299999999995 0.442061 0.45388700000000004 0.442061 0.45388700000000004 0.355029 0.43426299999999995 0.355029 0.43426299999999995 0.442061