2 0.29834 0.392578 0.149414 0.392578 0.149414 0.49218799999999996 0.29834 0.49218799999999996 0.29834 0.392578
0 0.15918000000000002 0.33593799999999996 0.12304699999999999 0.33593799999999996 0.12304699999999999 0.544922 0.15918000000000002 0.544922 0.15918000000000002 0.33593799999999996
0 0.6743159999999999 0.313477 0.639648 0.313477 0.639648 0.537109 0.6743159999999999 0.537109 0.6743159999999999 0.313477
2 1 0.157227 0.712891 0.157227 0.712891 0.707031 1 0.707031 1 0.157227
0 0.644531 0.317383 0.620117 0.317383 0.620117 0.511719 0.644531 0.511719 0.644531 0.317383
0 0.6943360000000001 0.321289 0.669922 0.321289 0.669922 0.511719 0.6943360000000001 0.511719 0.6943360000000001 0.321289
1 0.10715300000000001 0.346924 0.049437999999999996 0.346924 0.049437999999999996 0.504346 0.10715300000000001 0.504346 0.10715300000000001 0.346924
1 0.722656 0.395508 0.672852 0.395508 0.672852 0.556641 0.722656 0.556641 0.722656 0.395508
2 0.999512 0.42773399999999995 0.9433590000000001 0.42773399999999995 0.9433590000000001 0.9482419999999999 0.999512 0.9482419999999999 0.999512 0.42773399999999995
2 0.48291000000000006 0.375977 0.342773 0.375977 0.342773 0.519531 0.48291000000000006 0.519531 0.48291000000000006 0.375977
1 0.849014 0.394277 0.795264 0.394277 0.795264 0.49154299999999995 0.849014 0.49154299999999995 0.849014 0.394277
1 0.9326320000000001 0.404512 0.875469 0.404512 0.875469 0.493252 0.9326320000000001 0.493252 0.9326320000000001 0.404512
1 0.9761469999999999 0.395986 0.930928 0.395986 0.930928 0.489844 0.9761469999999999 0.489844 0.9761469999999999 0.395986
1 0.071714 0.348203 0.019663 0.348203 0.019663 0.5120210000000001 0.071714 0.5120210000000001 0.071714 0.348203
0 0.732974 0.288477 0.689458 0.288477 0.689458 0.41133800000000004 0.732974 0.41133800000000004 0.732974 0.288477
0 0.738945 0.297012 0.709937 0.297012 0.709937 0.385742 0.738945 0.385742 0.738945 0.297012
0 0.510278 0.348203 0.49150900000000003 0.348203 0.49150900000000003 0.46253900000000003 0.510278 0.46253900000000003 0.510278 0.348203
0 0.565737 0.355029 0.546113 0.355029 0.546113 0.442061 0.565737 0.442061 0.565737 0.355029