0 0.504883 0.350586 0.48877 0.350586 0.48877 0.470703 0.504883 0.470703 0.504883 0.350586
1 0.415039 0.40722699999999995 0.375488 0.40722699999999995 0.375488 0.49218799999999996 0.415039 0.49218799999999996 0.415039 0.40722699999999995
0 0.9086909999999999 0.287109 0.7918459999999999 0.287109 0.7918459999999999 0.59082 0.9086909999999999 0.59082 0.9086909999999999 0.287109
0 0.162109 0.337891 0.141602 0.337891 0.141602 0.446289 0.162109 0.446289 0.162109 0.337891
0 0.671875 0.355469 0.656738 0.355469 0.656738 0.404297 0.671875 0.404297 0.671875 0.355469
0 0.544922 0.358398 0.5297850000000001 0.358398 0.5297850000000001 0.45898399999999995 0.544922 0.45898399999999995 0.544922 0.358398
0 0.611328 0.363281 0.59668 0.363281 0.59668 0.46289100000000005 0.611328 0.46289100000000005 0.611328 0.363281
1 0.646973 0.397461 0.623047 0.397461 0.623047 0.47656200000000004 0.646973 0.47656200000000004 0.646973 0.397461
0 0.912598 0.282227 0.8735350000000001 0.282227 0.8735350000000001 0.46777300000000005 0.912598 0.46777300000000005 0.912598 0.282227
0 0.550781 0.365234 0.539551 0.365234 0.539551 0.46289100000000005 0.550781 0.46289100000000005 0.550781 0.365234
0 0.355469 0.364258 0.333496 0.364258 0.333496 0.42773399999999995 0.355469 0.42773399999999995 0.355469 0.364258
1 0.281738 0.430664 0.128418 0.430664 0.128418 0.6025389999999999 0.281738 0.6025389999999999 0.281738 0.430664
1 0.6162110000000001 0.418945 0.572754 0.418945 0.572754 0.47168 0.6162110000000001 0.47168 0.6162110000000001 0.418945
0 0.52832 0.36718799999999996 0.5131840000000001 0.36718799999999996 0.5131840000000001 0.457031 0.52832 0.457031 0.52832 0.36718799999999996
0 0.237793 0.331055 0.217285 0.331055 0.217285 0.43457 0.237793 0.43457 0.237793 0.331055
0 0.071289 0.333984 0.041992 0.333984 0.041992 0.48925799999999997 0.071289 0.48925799999999997 0.071289 0.333984
0 0.844727 0.34375 0.819824 0.34375 0.819824 0.451172 0.844727 0.451172 0.844727 0.34375
2 0.827393 0.35497999999999996 0.636475 0.35497999999999996 0.636475 0.519043 0.827393 0.519043 0.827393 0.35497999999999996
2 0.999512 0.310547 0.874023 0.310547 0.874023 0.644531 0.999512 0.644531 0.999512 0.310547