0 0.388184 0.22949199999999997 0.300781 0.22949199999999997 0.300781 0.6630860000000001 0.388184 0.6630860000000001 0.388184 0.22949199999999997
0 0.573242 0.330078 0.539551 0.330078 0.539551 0.519531 0.573242 0.519531 0.573242 0.330078
2 1 0.356445 0.952148 0.356445 0.952148 0.46386700000000003 1 0.46386700000000003 1 0.356445
1 0.7797850000000001 0.3375 0.741602 0.3375 0.741602 0.47949200000000003 0.7797850000000001 0.47949200000000003 0.7797850000000001 0.3375
2 0.9423830000000001 0.375977 0.897949 0.375977 0.897949 0.43164100000000005 0.9423830000000001 0.43164100000000005 0.9423830000000001 0.375977
0 0.527344 0.299805 0.499512 0.299805 0.499512 0.49707 0.527344 0.49707 0.527344 0.299805
0 0.719238 0.347656 0.7045899999999999 0.347656 0.7045899999999999 0.42675799999999997 0.719238 0.42675799999999997 0.719238 0.347656
0 0.548828 0.308594 0.5200199999999999 0.308594 0.5200199999999999 0.510742 0.548828 0.510742 0.548828 0.308594
0 0.47656200000000004 0.288086 0.44287099999999996 0.288086 0.44287099999999996 0.504883 0.47656200000000004 0.504883 0.47656200000000004 0.288086
0 0.6391600000000001 0.314453 0.608398 0.314453 0.608398 0.519531 0.6391600000000001 0.519531 0.6391600000000001 0.314453
0 0.507324 0.295898 0.466797 0.295898 0.466797 0.5087889999999999 0.507324 0.5087889999999999 0.507324 0.295898
0 0.178711 0.27832 0.127441 0.27832 0.127441 0.605469 0.178711 0.605469 0.178711 0.27832
0 0.6118159999999999 0.321289 0.574707 0.321289 0.574707 0.517578 0.6118159999999999 0.517578 0.6118159999999999 0.321289
0 0.30810499999999996 0.250977 0.25341800000000003 0.250977 0.25341800000000003 0.629883 0.30810499999999996 0.629883 0.30810499999999996 0.250977
0 0.25293 0.275391 0.1875 0.275391 0.1875 0.606445 0.25293 0.606445 0.25293 0.275391