0 0.6118159999999999 0.6630860000000001 0.699219 0.6630860000000001 0.699219 0.22949199999999997 0.6118159999999999 0.22949199999999997 0.6118159999999999 0.6630860000000001
0 0.42675799999999997 0.519531 0.460449 0.519531 0.460449 0.330078 0.42675799999999997 0.330078 0.42675799999999997 0.519531
2 0 0.46386700000000003 0.047852 0.46386700000000003 0.047852 0.356445 0 0.356445 0 0.46386700000000003
1 0.220215 0.47949200000000003 0.258398 0.47949200000000003 0.258398 0.3375 0.220215 0.3375 0.220215 0.47949200000000003
2 0.057616999999999995 0.43164100000000005 0.102051 0.43164100000000005 0.102051 0.375977 0.057616999999999995 0.375977 0.057616999999999995 0.43164100000000005
0 0.472656 0.49707 0.500488 0.49707 0.500488 0.299805 0.472656 0.299805 0.472656 0.49707
0 0.280762 0.42675799999999997 0.29541 0.42675799999999997 0.29541 0.347656 0.280762 0.347656 0.280762 0.42675799999999997
0 0.451172 0.510742 0.47998 0.510742 0.47998 0.308594 0.451172 0.308594 0.451172 0.510742
0 0.523438 0.504883 0.557129 0.504883 0.557129 0.288086 0.523438 0.288086 0.523438 0.504883
0 0.36084 0.519531 0.391602 0.519531 0.391602 0.314453 0.36084 0.314453 0.36084 0.519531
0 0.492676 0.5087889999999999 0.533203 0.5087889999999999 0.533203 0.295898 0.492676 0.295898 0.492676 0.5087889999999999
0 0.8212889999999999 0.605469 0.8725590000000001 0.605469 0.8725590000000001 0.27832 0.8212889999999999 0.27832 0.8212889999999999 0.605469
0 0.388184 0.517578 0.42529300000000003 0.517578 0.42529300000000003 0.321289 0.388184 0.321289 0.388184 0.517578
0 0.6918949999999999 0.629883 0.746582 0.629883 0.746582 0.250977 0.6918949999999999 0.250977 0.6918949999999999 0.629883
0 0.74707 0.606445 0.8125 0.606445 0.8125 0.275391 0.74707 0.275391 0.74707 0.606445