0 0.250488 0.350586 0.236328 0.350586 0.236328 0.41699200000000003 0.250488 0.41699200000000003 0.250488 0.350586
0 0.8037110000000001 0.37207 0.773926 0.37207 0.773926 0.450195 0.8037110000000001 0.450195 0.8037110000000001 0.37207
1 0.842041 0.416533 0.683174 0.416533 0.683174 0.666211 0.842041 0.666211 0.842041 0.416533
0 0.146484 0.324219 0.116699 0.324219 0.116699 0.493164 0.146484 0.493164 0.146484 0.324219
3 0.316406 0.35156200000000004 0.209961 0.35156200000000004 0.209961 0.49707 0.316406 0.49707 0.316406 0.35156200000000004
1 0.9462889999999999 0.43457 0.812012 0.43457 0.812012 0.714844 0.9462889999999999 0.714844 0.9462889999999999 0.43457
3 0.704102 0.39843799999999996 0.626953 0.39843799999999996 0.626953 0.549805 0.704102 0.549805 0.704102 0.39843799999999996
0 0.279297 0.350586 0.264648 0.350586 0.264648 0.40527300000000005 0.279297 0.40527300000000005 0.279297 0.350586
1 0.999512 0.441406 0.854004 0.441406 0.854004 0.760742 0.999512 0.760742 0.999512 0.441406
0 0.111816 0.318359 0.077637 0.318359 0.077637 0.49218799999999996 0.111816 0.49218799999999996 0.111816 0.318359
0 0.896973 0.332031 0.8618159999999999 0.332031 0.8618159999999999 0.46777300000000005 0.896973 0.46777300000000005 0.896973 0.332031
3 0.644238 0.392568 0.575977 0.392568 0.575977 0.508613 0.644238 0.508613 0.644238 0.392568