3 0.49755900000000003 0.356445 0.44287099999999996 0.356445 0.44287099999999996 0.56543 0.49755900000000003 0.56543 0.49755900000000003 0.356445
3 0.706055 0.361328 0.6762699999999999 0.361328 0.6762699999999999 0.537109 0.706055 0.537109 0.706055 0.361328
3 0.310547 0.356445 0.261719 0.356445 0.261719 0.572266 0.310547 0.572266 0.310547 0.356445
3 0.414551 0.380859 0.381836 0.380859 0.381836 0.552734 0.414551 0.552734 0.414551 0.380859
3 0.388672 0.341797 0.357422 0.341797 0.357422 0.548828 0.388672 0.548828 0.388672 0.341797
3 0.583984 0.349609 0.550781 0.349609 0.550781 0.527344 0.583984 0.527344 0.583984 0.349609
3 0.116699 0.327148 0.08252000000000001 0.327148 0.08252000000000001 0.545898 0.116699 0.545898 0.116699 0.327148
3 0.6137699999999999 0.34082 0.578613 0.34082 0.578613 0.544922 0.6137699999999999 0.544922 0.6137699999999999 0.34082
3 0.643555 0.353516 0.607422 0.353516 0.607422 0.557617 0.643555 0.557617 0.643555 0.353516
3 0.5483399999999999 0.350586 0.5244139999999999 0.350586 0.5244139999999999 0.527344 0.5483399999999999 0.527344 0.5483399999999999 0.350586
3 0.031108000000000004 0.30833 0.001748 0.30833 0.001748 0.555312 0.031108000000000004 0.555312 0.031108000000000004 0.30833
3 0.080332 0.313516 0.033700999999999995 0.313516 0.033700999999999995 0.55876 0.080332 0.55876 0.080332 0.313516
3 0.175322 0.33251 0.126963 0.33251 0.126963 0.572578 0.175322 0.572578 0.175322 0.33251
3 0.217637 0.348057 0.187412 0.348057 0.187412 0.557041 0.217637 0.557041 0.217637 0.348057
3 0.256499 0.34287100000000004 0.22713899999999998 0.34287100000000004 0.22713899999999998 0.567402 0.256499 0.567402 0.256499 0.34287100000000004