0 0.42333999999999994 0.392578 0.388672 0.392578 0.388672 0.45800799999999997 0.42333999999999994 0.45800799999999997 0.42333999999999994 0.392578
5 0.630371 0.317383 0.576172 0.317383 0.576172 0.453125 0.630371 0.453125 0.630371 0.317383
0 0.304199 0.40136700000000003 0.22998 0.40136700000000003 0.22998 0.498047 0.304199 0.498047 0.304199 0.40136700000000003
5 0.85498 0.21581999999999998 0.680176 0.21581999999999998 0.680176 0.48925799999999997 0.85498 0.48925799999999997 0.85498 0.21581999999999998
0 0.215332 0.42675799999999997 0.11377 0.42675799999999997 0.11377 0.529297 0.215332 0.529297 0.215332 0.42675799999999997
0 0.661621 0.395508 0.6005860000000001 0.395508 0.6005860000000001 0.48535199999999995 0.661621 0.48535199999999995 0.661621 0.395508
5 0.6650389999999999 0.30957 0.636719 0.30957 0.636719 0.404297 0.6650389999999999 0.404297 0.6650389999999999 0.30957
5 0.999512 0.134766 0.817871 0.134766 0.817871 0.591797 0.999512 0.591797 0.999512 0.134766
0 0.565918 0.392578 0.525879 0.392578 0.525879 0.45800799999999997 0.565918 0.45800799999999997 0.565918 0.392578
0 0.121094 0.41113299999999997 0.000488 0.41113299999999997 0.000488 0.55957 0.121094 0.55957 0.121094 0.41113299999999997
0 0.345215 0.41601600000000005 0.297852 0.41601600000000005 0.297852 0.482422 0.345215 0.482422 0.345215 0.41601600000000005