0 0.5444340000000001 0.43164100000000005 0.5712889999999999 0.43164100000000005 0.5712889999999999 0.369141 0.5444340000000001 0.369141 0.5444340000000001 0.43164100000000005
3 0.961426 0.480469 0.983887 0.480469 0.983887 0.339844 0.961426 0.339844 0.961426 0.480469
3 0.776367 0.435547 0.790527 0.435547 0.790527 0.362305 0.776367 0.362305 0.776367 0.435547
0 0.134766 0.501953 0.235352 0.501953 0.235352 0.369141 0.134766 0.369141 0.134766 0.501953
0 0.6137699999999999 0.543945 0.761719 0.543945 0.761719 0.333984 0.6137699999999999 0.333984 0.6137699999999999 0.543945
0 0 0.546875 0.16748000000000002 0.546875 0.16748000000000002 0.322266 0 0.322266 0 0.546875
0 0.5756840000000001 0.46777300000000005 0.630859 0.46777300000000005 0.630859 0.368164 0.5756840000000001 0.368164 0.5756840000000001 0.46777300000000005
0 0.40136700000000003 0.441406 0.452637 0.441406 0.452637 0.369141 0.40136700000000003 0.369141 0.40136700000000003 0.441406
0 0.24365199999999998 0.46582 0.322754 0.46582 0.322754 0.365234 0.24365199999999998 0.365234 0.24365199999999998 0.46582
0 0.48681599999999997 0.423828 0.516113 0.423828 0.516113 0.361328 0.48681599999999997 0.361328 0.48681599999999997 0.423828
0 0.551758 0.441406 0.5869139999999999 0.441406 0.5869139999999999 0.37207 0.551758 0.37207 0.551758 0.441406
0 0.31543 0.450195 0.34716800000000003 0.450195 0.34716800000000003 0.368164 0.31543 0.368164 0.31543 0.450195
0 0.351074 0.42773399999999995 0.39404300000000003 0.42773399999999995 0.39404300000000003 0.369141 0.351074 0.369141 0.351074 0.42773399999999995
3 0.196289 0.378906 0.211914 0.378906 0.211914 0.337891 0.196289 0.337891 0.196289 0.378906