0 0.538574 0.41406200000000004 0.5795899999999999 0.41406200000000004 0.5795899999999999 0.357422 0.538574 0.357422 0.538574 0.41406200000000004
1 0.519531 0.40332 0.5512699999999999 0.40332 0.5512699999999999 0.333008 0.519531 0.333008 0.519531 0.40332
3 0.398926 0.461914 0.418945 0.461914 0.418945 0.355469 0.398926 0.355469 0.398926 0.461914
3 0.328613 0.46582 0.357422 0.46582 0.357422 0.347656 0.328613 0.347656 0.328613 0.46582
0 0.582031 0.408203 0.6079100000000001 0.408203 0.6079100000000001 0.370117 0.582031 0.370117 0.582031 0.408203
3 0.304199 0.402344 0.31543 0.402344 0.31543 0.341797 0.304199 0.341797 0.304199 0.402344
3 0.290039 0.396484 0.302734 0.396484 0.302734 0.344727 0.290039 0.344727 0.290039 0.396484
0 0.646973 0.507812 0.738281 0.507812 0.738281 0.380859 0.646973 0.380859 0.646973 0.507812
3 0 0.785156 0.07665999999999999 0.785156 0.07665999999999999 0.19531199999999999 0 0.19531199999999999 0 0.785156
0 0.616699 0.46386700000000003 0.667969 0.46386700000000003 0.667969 0.373047 0.616699 0.373047 0.616699 0.46386700000000003
0 0.859863 0.5 0.9785159999999999 0.5 0.9785159999999999 0.370117 0.859863 0.370117 0.859863 0.5