0 0.764648 0.46093799999999996 0.797852 0.46093799999999996 0.797852 0.391602 0.764648 0.391602 0.764648 0.46093799999999996
0 0.8652340000000001 0.48535199999999995 0.9443360000000001 0.48535199999999995 0.9443360000000001 0.383789 0.8652340000000001 0.383789 0.8652340000000001 0.48535199999999995
0 0 0.578125 0.13916 0.578125 0.13916 0.32031200000000004 0 0.32031200000000004 0 0.578125
0 1 0.40039100000000005 0.916504 0.40039100000000005 0.916504 0.504883 1 0.504883 1 0.40039100000000005
0 0.112793 0.53125 0.220703 0.53125 0.220703 0.359375 0.112793 0.359375 0.112793 0.53125
0 0.182617 0.500977 0.27002000000000004 0.500977 0.27002000000000004 0.360352 0.182617 0.360352 0.182617 0.500977
0 0.664551 0.5087889999999999 0.762695 0.5087889999999999 0.762695 0.365234 0.664551 0.365234 0.664551 0.5087889999999999
0 0.43896499999999994 0.44531200000000004 0.483887 0.44531200000000004 0.483887 0.376953 0.43896499999999994 0.376953 0.43896499999999994 0.44531200000000004
0 0.8256840000000001 0.47363299999999997 0.869629 0.47363299999999997 0.869629 0.388672 0.8256840000000001 0.388672 0.8256840000000001 0.47363299999999997
0 0.514648 0.446289 0.557129 0.446289 0.557129 0.37793 0.514648 0.37793 0.514648 0.446289
0 0.787109 0.46777300000000005 0.8330080000000001 0.46777300000000005 0.8330080000000001 0.388672 0.787109 0.388672 0.787109 0.46777300000000005
0 0.324219 0.450195 0.37060499999999996 0.450195 0.37060499999999996 0.371094 0.324219 0.371094 0.324219 0.450195
0 0.395508 0.40625 0.428711 0.40625 0.428711 0.359375 0.395508 0.359375 0.395508 0.40625
0 0.22802699999999998 0.481445 0.33252000000000004 0.481445 0.33252000000000004 0.324219 0.22802699999999998 0.324219 0.22802699999999998 0.481445
0 0.352539 0.44726600000000005 0.38622999999999996 0.44726600000000005 0.38622999999999996 0.375977 0.352539 0.375977 0.352539 0.44726600000000005
0 0.42675799999999997 0.424805 0.45458999999999994 0.424805 0.45458999999999994 0.373047 0.42675799999999997 0.373047 0.42675799999999997 0.424805
1 0.498047 0.4375 0.5556639999999999 0.4375 0.5556639999999999 0.333984 0.498047 0.333984 0.498047 0.4375
0 0.37158199999999997 0.396484 0.395996 0.396484 0.395996 0.355469 0.37158199999999997 0.355469 0.37158199999999997 0.396484