0 0.8735350000000001 0.501953 0.957031 0.501953 0.957031 0.38281200000000004 0.8735350000000001 0.38281200000000004 0.8735350000000001 0.501953
0 0.38916 0.413086 0.415527 0.413086 0.415527 0.38281200000000004 0.38916 0.38281200000000004 0.38916 0.413086
3 0.163086 0.42089800000000005 0.184082 0.42089800000000005 0.184082 0.345703 0.163086 0.345703 0.163086 0.42089800000000005
0 0.9873049999999999 0.550781 0.999512 0.550781 0.999512 0.44824200000000003 0.9873049999999999 0.44824200000000003 0.9873049999999999 0.550781
0 0.7944340000000001 0.482422 0.881348 0.482422 0.881348 0.366211 0.7944340000000001 0.366211 0.7944340000000001 0.482422
3 0.271484 0.457031 0.287109 0.457031 0.287109 0.35156200000000004 0.271484 0.35156200000000004 0.271484 0.457031
0 0.555176 0.430664 0.588867 0.430664 0.588867 0.38281200000000004 0.555176 0.38281200000000004 0.555176 0.430664
0 0.43261700000000003 0.42773399999999995 0.464844 0.42773399999999995 0.464844 0.375977 0.43261700000000003 0.375977 0.43261700000000003 0.42773399999999995
3 0.24267599999999998 0.441406 0.26220699999999997 0.441406 0.26220699999999997 0.353516 0.24267599999999998 0.353516 0.24267599999999998 0.441406
3 0.09521500000000001 0.472656 0.130371 0.472656 0.130371 0.326172 0.09521500000000001 0.326172 0.09521500000000001 0.472656
0 0.746094 0.46582 0.797852 0.46582 0.797852 0.371094 0.746094 0.371094 0.746094 0.46582
0 1 0.379883 0.944824 0.379883 0.944824 0.512695 1 0.512695 1 0.379883