3 0.8173830000000001 0.34082 0.786621 0.34082 0.786621 0.510742 0.8173830000000001 0.510742 0.8173830000000001 0.34082
3 0.23828100000000002 0.391602 0.22509800000000002 0.391602 0.22509800000000002 0.46386700000000003 0.23828100000000002 0.46386700000000003 0.23828100000000002 0.391602
3 0.867188 0.310547 0.816406 0.310547 0.816406 0.578125 0.867188 0.578125 0.867188 0.310547
3 0.954102 0.308594 0.8891600000000001 0.308594 0.8891600000000001 0.5693360000000001 0.954102 0.5693360000000001 0.954102 0.308594
3 0.990723 0.396484 0.9404299999999999 0.396484 0.9404299999999999 0.568359 0.990723 0.568359 0.990723 0.396484
0 0.22802699999999998 0.41113299999999997 0.184082 0.41113299999999997 0.184082 0.48535199999999995 0.22802699999999998 0.48535199999999995 0.22802699999999998 0.41113299999999997
0 0.336426 0.40136700000000003 0.260742 0.40136700000000003 0.260742 0.496094 0.336426 0.496094 0.336426 0.40136700000000003
3 0.510254 0.399414 0.499512 0.399414 0.499512 0.45410199999999995 0.510254 0.45410199999999995 0.510254 0.399414
3 0.524902 0.40039100000000005 0.5141600000000001 0.40039100000000005 0.5141600000000001 0.455078 0.524902 0.455078 0.524902 0.40039100000000005
3 0.10644499999999998 0.381836 0.083984 0.381836 0.083984 0.5 0.10644499999999998 0.5 0.10644499999999998 0.381836
1 0.624512 0.357422 0.576172 0.357422 0.576172 0.464844 0.624512 0.464844 0.624512 0.357422
0 0.40136700000000003 0.408203 0.364746 0.408203 0.364746 0.472656 0.40136700000000003 0.472656 0.40136700000000003 0.408203
0 0.19531199999999999 0.41601600000000005 0.131836 0.41601600000000005 0.131836 0.49414100000000005 0.19531199999999999 0.49414100000000005 0.19531199999999999 0.41601600000000005
0 0.640625 0.394531 0.588867 0.394531 0.588867 0.47460899999999995 0.640625 0.47460899999999995 0.640625 0.394531
0 0.271973 0.413086 0.23046899999999998 0.413086 0.23046899999999998 0.47460899999999995 0.271973 0.47460899999999995 0.271973 0.413086
3 0.7900389999999999 0.330078 0.762207 0.330078 0.762207 0.498047 0.7900389999999999 0.498047 0.7900389999999999 0.330078
1 0.5581050000000001 0.376953 0.526367 0.376953 0.526367 0.4375 0.5581050000000001 0.4375 0.5581050000000001 0.376953