3 0.182617 0.510742 0.21337899999999999 0.510742 0.21337899999999999 0.34082 0.182617 0.34082 0.182617 0.510742
3 0.761719 0.46386700000000003 0.774902 0.46386700000000003 0.774902 0.391602 0.761719 0.391602 0.761719 0.46386700000000003
3 0.13281199999999999 0.578125 0.18359399999999998 0.578125 0.18359399999999998 0.310547 0.13281199999999999 0.310547 0.13281199999999999 0.578125
3 0.045898 0.5693360000000001 0.11084000000000001 0.5693360000000001 0.11084000000000001 0.308594 0.045898 0.308594 0.045898 0.5693360000000001
3 0.009277 0.568359 0.05957 0.568359 0.05957 0.396484 0.009277 0.396484 0.009277 0.568359
0 0.771973 0.48535199999999995 0.8159179999999999 0.48535199999999995 0.8159179999999999 0.41113299999999997 0.771973 0.41113299999999997 0.771973 0.48535199999999995
0 0.663574 0.496094 0.739258 0.496094 0.739258 0.40136700000000003 0.663574 0.40136700000000003 0.663574 0.496094
3 0.48974599999999996 0.45410199999999995 0.500488 0.45410199999999995 0.500488 0.399414 0.48974599999999996 0.399414 0.48974599999999996 0.45410199999999995
3 0.475098 0.455078 0.48583999999999994 0.455078 0.48583999999999994 0.40039100000000005 0.475098 0.40039100000000005 0.475098 0.455078
3 0.8935549999999999 0.5 0.9160159999999999 0.5 0.9160159999999999 0.381836 0.8935549999999999 0.381836 0.8935549999999999 0.5
1 0.375488 0.464844 0.423828 0.464844 0.423828 0.357422 0.375488 0.357422 0.375488 0.464844
0 0.598633 0.472656 0.635254 0.472656 0.635254 0.408203 0.598633 0.408203 0.598633 0.472656
0 0.804688 0.49414100000000005 0.8681639999999999 0.49414100000000005 0.8681639999999999 0.41601600000000005 0.804688 0.41601600000000005 0.804688 0.49414100000000005
0 0.359375 0.47460899999999995 0.41113299999999997 0.47460899999999995 0.41113299999999997 0.394531 0.359375 0.394531 0.359375 0.47460899999999995
0 0.728027 0.47460899999999995 0.769531 0.47460899999999995 0.769531 0.413086 0.728027 0.413086 0.728027 0.47460899999999995
3 0.209961 0.498047 0.237793 0.498047 0.237793 0.330078 0.209961 0.330078 0.209961 0.498047
1 0.441895 0.4375 0.47363299999999997 0.4375 0.47363299999999997 0.376953 0.441895 0.376953 0.441895 0.4375