0 0.32959 0.366211 0.265625 0.366211 0.265625 0.496094 0.32959 0.496094 0.32959 0.366211
0 0.8378909999999999 0.374023 0.726074 0.374023 0.726074 0.573242 0.8378909999999999 0.573242 0.8378909999999999 0.374023
0 0.396484 0.380859 0.378906 0.380859 0.378906 0.417969 0.396484 0.417969 0.396484 0.380859
0 0.381348 0.378906 0.352051 0.378906 0.352051 0.418945 0.381348 0.418945 0.381348 0.378906
0 0.59082 0.385742 0.5581050000000001 0.385742 0.5581050000000001 0.43652300000000005 0.59082 0.43652300000000005 0.59082 0.385742
0 0.36084 0.371094 0.316406 0.371094 0.316406 0.481445 0.36084 0.481445 0.36084 0.371094
0 1 0.3125 0.9003909999999999 0.3125 0.9003909999999999 0.779297 1 0.779297 1 0.3125
0 0.476074 0.375977 0.40722699999999995 0.375977 0.40722699999999995 0.424805 0.476074 0.424805 0.476074 0.375977
0 0.28466800000000003 0.347656 0.189941 0.347656 0.189941 0.527344 0.28466800000000003 0.527344 0.28466800000000003 0.347656
0 0.22705099999999998 0.353516 0.09521500000000001 0.353516 0.09521500000000001 0.574219 0.22705099999999998 0.574219 0.22705099999999998 0.353516
0 0.696777 0.368164 0.626953 0.368164 0.626953 0.487305 0.696777 0.487305 0.696777 0.368164
0 0.784668 0.360352 0.667969 0.360352 0.667969 0.526367 0.784668 0.526367 0.784668 0.360352
0 0 0.667969 0.118164 0.667969 0.118164 0.350586 0 0.350586 0 0.667969
0 0.95752 0.34375 0.811523 0.34375 0.811523 0.675781 0.95752 0.675781 0.95752 0.34375