1 0.47021499999999994 0.352539 0.341797 0.352539 0.341797 0.47656200000000004 0.47021499999999994 0.47656200000000004 0.47021499999999994 0.352539
3 0.7006840000000001 0.347656 0.679688 0.347656 0.679688 0.49902300000000005 0.7006840000000001 0.49902300000000005 0.7006840000000001 0.347656
0 1 0.349609 0.775879 0.349609 0.775879 0.666016 1 0.666016 1 0.349609
0 0.38281200000000004 0.390625 0.062012 0.390625 0.062012 0.611328 0.38281200000000004 0.611328 0.38281200000000004 0.390625
0 0.8403320000000001 0.34082 0.7275389999999999 0.34082 0.7275389999999999 0.585938 0.8403320000000001 0.585938 0.8403320000000001 0.34082
0 1 0.40136700000000003 0.915527 0.40136700000000003 0.915527 0.748047 1 0.748047 1 0.40136700000000003
0 0.5180659999999999 0.394531 0.484863 0.394531 0.484863 0.44043 0.5180659999999999 0.44043 0.5180659999999999 0.394531
0 0.399902 0.393555 0.342285 0.393555 0.342285 0.516602 0.399902 0.516602 0.399902 0.393555
0 0.6538090000000001 0.388672 0.615723 0.388672 0.615723 0.453125 0.6538090000000001 0.453125 0.6538090000000001 0.388672
0 0.49511700000000003 0.393555 0.461426 0.393555 0.461426 0.464844 0.49511700000000003 0.464844 0.49511700000000003 0.393555
0 0.682617 0.379883 0.6450199999999999 0.379883 0.6450199999999999 0.46875 0.682617 0.46875 0.682617 0.379883
0 0 0.581055 0.022461000000000002 0.581055 0.022461000000000002 0.42089800000000005 0 0.42089800000000005 0 0.581055
0 0.734863 0.379883 0.664551 0.379883 0.664551 0.486328 0.734863 0.486328 0.734863 0.379883
0 0.621094 0.394531 0.6005860000000001 0.394531 0.6005860000000001 0.4375 0.621094 0.4375 0.621094 0.394531
0 0.59375 0.394531 0.550293 0.394531 0.550293 0.425781 0.59375 0.425781 0.59375 0.394531