0 0.32959 0.501953 0.375 0.501953 0.375 0.381836 0.32959 0.381836 0.32959 0.501953
0 0.266113 0.5224610000000001 0.352051 0.5224610000000001 0.352051 0.368164 0.266113 0.368164 0.266113 0.5224610000000001
0 0.736328 0.5869139999999999 0.882812 0.5869139999999999 0.882812 0.40332 0.736328 0.40332 0.736328 0.5869139999999999
0 0.652344 0.530273 0.7231449999999999 0.530273 0.7231449999999999 0.391602 0.652344 0.391602 0.652344 0.530273
0 0.774902 0.632812 0.9130860000000001 0.632812 0.9130860000000001 0.41601600000000005 0.774902 0.41601600000000005 0.774902 0.632812
0 0.17578100000000002 0.570312 0.321289 0.570312 0.321289 0.365234 0.17578100000000002 0.365234 0.17578100000000002 0.570312
0 0.878906 0.701172 0.999512 0.701172 0.999512 0.37207 0.878906 0.37207 0.878906 0.701172
0 0 0.685547 0.234375 0.685547 0.234375 0.376953 0 0.376953 0 0.685547
0 0.539551 0.435547 0.557617 0.435547 0.557617 0.397461 0.539551 0.397461 0.539551 0.435547
3 0.453613 0.46289100000000005 0.472656 0.46289100000000005 0.472656 0.365234 0.453613 0.365234 0.453613 0.46289100000000005
0 0.500488 0.444336 0.533203 0.444336 0.533203 0.393555 0.500488 0.393555 0.500488 0.444336
0 0.521484 0.44043 0.543457 0.44043 0.543457 0.397461 0.521484 0.397461 0.521484 0.44043
0 0.605957 0.450195 0.6264649999999999 0.450195 0.6264649999999999 0.39843799999999996 0.605957 0.39843799999999996 0.605957 0.450195
0 0.6337889999999999 0.49023399999999995 0.676758 0.49023399999999995 0.676758 0.391602 0.6337889999999999 0.391602 0.6337889999999999 0.49023399999999995
0 0.390137 0.455078 0.491211 0.455078 0.491211 0.384766 0.390137 0.384766 0.390137 0.455078
0 0.621582 0.464844 0.650391 0.464844 0.650391 0.396484 0.621582 0.396484 0.621582 0.464844
0 0.690918 0.556641 0.795898 0.556641 0.795898 0.390625 0.690918 0.390625 0.690918 0.556641