0 0 0.536133 0.074707 0.536133 0.074707 0.40039100000000005 0 0.40039100000000005 0 0.536133
3 0.6547850000000001 0.334961 0.6264649999999999 0.334961 0.6264649999999999 0.47168 0.6547850000000001 0.47168 0.6547850000000001 0.334961
0 0.220703 0.402344 0.179199 0.402344 0.179199 0.45800799999999997 0.220703 0.45800799999999997 0.220703 0.402344
0 0.488281 0.386719 0.46386700000000003 0.386719 0.46386700000000003 0.42675799999999997 0.488281 0.42675799999999997 0.488281 0.386719
0 0.410645 0.394531 0.375977 0.394531 0.375977 0.439453 0.410645 0.439453 0.410645 0.394531
0 0 0.536133 0.074707 0.536133 0.074707 0.40039100000000005 0 0.40039100000000005 0 0.536133
3 0.6547850000000001 0.334961 0.6264649999999999 0.334961 0.6264649999999999 0.47168 0.6547850000000001 0.47168 0.6547850000000001 0.334961
0 0.220703 0.402344 0.179199 0.402344 0.179199 0.45800799999999997 0.220703 0.45800799999999997 0.220703 0.402344
3 0.609375 0.35156200000000004 0.5922850000000001 0.35156200000000004 0.5922850000000001 0.433594 0.609375 0.433594 0.609375 0.35156200000000004
0 0.120117 0.41406200000000004 0.081055 0.41406200000000004 0.081055 0.45898399999999995 0.120117 0.45898399999999995 0.120117 0.41406200000000004
2 0.648926 0.390625 0.630371 0.390625 0.630371 0.47949200000000003 0.648926 0.47949200000000003 0.648926 0.390625
3 0.609375 0.35156200000000004 0.5922850000000001 0.35156200000000004 0.5922850000000001 0.433594 0.609375 0.433594 0.609375 0.35156200000000004
0 0.120117 0.41406200000000004 0.081055 0.41406200000000004 0.081055 0.45898399999999995 0.120117 0.45898399999999995 0.120117 0.41406200000000004
2 0.648926 0.390625 0.630371 0.390625 0.630371 0.47949200000000003 0.648926 0.47949200000000003 0.648926 0.390625
0 0.488281 0.386719 0.46386700000000003 0.386719 0.46386700000000003 0.42675799999999997 0.488281 0.42675799999999997 0.488281 0.386719
0 0.410645 0.394531 0.375977 0.394531 0.375977 0.439453 0.410645 0.439453 0.410645 0.394531