3 0.205566 0.44043 0.189941 0.44043 0.189941 0.527344 0.205566 0.527344 0.205566 0.44043
0 0.527832 0.42773399999999995 0.46289100000000005 0.42773399999999995 0.46289100000000005 0.53418 0.527832 0.53418 0.527832 0.42773399999999995
0 0.816895 0.404297 0.6293949999999999 0.404297 0.6293949999999999 0.635742 0.816895 0.635742 0.816895 0.404297
3 0.9985350000000001 0.390625 0.941895 0.390625 0.941895 0.581055 0.9985350000000001 0.581055 0.9985350000000001 0.390625
3 0.9985350000000001 0.391602 0.958496 0.391602 0.958496 0.567383 0.9985350000000001 0.567383 0.9985350000000001 0.391602
0 0.645996 0.425781 0.6079100000000001 0.425781 0.6079100000000001 0.511719 0.645996 0.511719 0.645996 0.425781
3 0.22363300000000003 0.43457 0.204102 0.43457 0.204102 0.5244139999999999 0.22363300000000003 0.5244139999999999 0.22363300000000003 0.43457
0 0.6694340000000001 0.417969 0.628906 0.417969 0.628906 0.512695 0.6694340000000001 0.512695 0.6694340000000001 0.417969
3 0.06640599999999999 0.379883 0.026367 0.379883 0.026367 0.546875 0.06640599999999999 0.546875 0.06640599999999999 0.379883
2 0.168457 0.46875 0.083984 0.46875 0.083984 0.558594 0.168457 0.558594 0.168457 0.46875
0 0.619141 0.43457 0.557617 0.43457 0.557617 0.5244139999999999 0.619141 0.5244139999999999 0.619141 0.43457
3 0.871094 0.371094 0.832031 0.371094 0.832031 0.595703 0.871094 0.595703 0.871094 0.371094
3 0.958496 0.370117 0.921387 0.370117 0.921387 0.580078 0.958496 0.580078 0.958496 0.370117
0 0.5556639999999999 0.43261700000000003 0.524902 0.43261700000000003 0.524902 0.48535199999999995 0.5556639999999999 0.48535199999999995 0.5556639999999999 0.43261700000000003
3 0.09668 0.40332 0.075195 0.40332 0.075195 0.536133 0.09668 0.536133 0.09668 0.40332
3 0.9248049999999999 0.361328 0.880371 0.361328 0.880371 0.601562 0.9248049999999999 0.601562 0.9248049999999999 0.361328