0 0.961426 0.30957 0.824219 0.30957 0.824219 0.482422 0.961426 0.482422 0.961426 0.30957
0 0.46386700000000003 0.381836 0.439453 0.381836 0.439453 0.42773399999999995 0.46386700000000003 0.42773399999999995 0.46386700000000003 0.381836
0 0.234863 0.40136700000000003 0.172363 0.40136700000000003 0.172363 0.53418 0.234863 0.53418 0.234863 0.40136700000000003
0 0.418945 0.386719 0.375977 0.386719 0.375977 0.455078 0.418945 0.455078 0.418945 0.386719
0 0.265137 0.392578 0.196777 0.392578 0.196777 0.527344 0.265137 0.527344 0.265137 0.392578
0 0.552246 0.375 0.522949 0.375 0.522949 0.417969 0.552246 0.417969 0.552246 0.375
0 0.445801 0.378906 0.399902 0.378906 0.399902 0.441406 0.445801 0.441406 0.445801 0.378906
0 0.395996 0.387695 0.352539 0.387695 0.352539 0.46777300000000005 0.395996 0.46777300000000005 0.395996 0.387695
0 0.687012 0.349609 0.615723 0.349609 0.615723 0.459961 0.687012 0.459961 0.687012 0.349609
0 0.210938 0.391602 0.021484 0.391602 0.021484 0.558594 0.210938 0.558594 0.210938 0.391602
0 0.376953 0.361328 0.256836 0.361328 0.256836 0.542969 0.376953 0.542969 0.376953 0.361328
0 0.9497070000000001 0.321289 0.6987300000000001 0.321289 0.6987300000000001 0.59082 0.9497070000000001 0.59082 0.9497070000000001 0.321289
0 0 0.626953 0.14843800000000001 0.626953 0.14843800000000001 0.40527300000000005 0 0.40527300000000005 0 0.626953