0 0 0.588867 0.052734 0.588867 0.052734 0.40136700000000003 0 0.40136700000000003 0 0.588867
0 0.7045899999999999 0.353516 0.6264649999999999 0.353516 0.6264649999999999 0.496094 0.7045899999999999 0.496094 0.7045899999999999 0.353516
0 0.296387 0.376953 0.189453 0.376953 0.189453 0.480469 0.296387 0.480469 0.296387 0.376953
0 0.795898 0.344727 0.666992 0.344727 0.666992 0.533203 0.795898 0.533203 0.795898 0.344727
0 0.20947300000000002 0.375977 0.050293 0.375977 0.050293 0.5537110000000001 0.20947300000000002 0.5537110000000001 0.20947300000000002 0.375977
0 0 0.583008 0.112793 0.583008 0.112793 0.369141 0 0.369141 0 0.583008
0 0.999512 0.333984 0.819824 0.333984 0.819824 0.767578 0.999512 0.767578 0.999512 0.333984
0 0.9423830000000001 0.345703 0.7231449999999999 0.345703 0.7231449999999999 0.563477 0.9423830000000001 0.563477 0.9423830000000001 0.345703
0 0.573242 0.350586 0.466797 0.350586 0.466797 0.514648 0.573242 0.514648 0.573242 0.350586
0 0.389648 0.378906 0.360352 0.378906 0.360352 0.424805 0.389648 0.424805 0.389648 0.378906
0 0.59082 0.381836 0.562988 0.381836 0.562988 0.43164100000000005 0.59082 0.43164100000000005 0.59082 0.381836
2 0.624023 0.281934 0.593262 0.281934 0.593262 0.567383 0.624023 0.567383 0.624023 0.281934
0 0.268555 0.375977 0.13281199999999999 0.375977 0.13281199999999999 0.512695 0.268555 0.512695 0.268555 0.375977