0 1 0.40136700000000003 0.9472659999999999 0.40136700000000003 0.9472659999999999 0.588867 1 0.588867 1 0.40136700000000003
0 0.29541 0.496094 0.373535 0.496094 0.373535 0.353516 0.29541 0.353516 0.29541 0.496094
0 0.703613 0.480469 0.810547 0.480469 0.810547 0.376953 0.703613 0.376953 0.703613 0.480469
0 0.204102 0.533203 0.333008 0.533203 0.333008 0.344727 0.204102 0.344727 0.204102 0.533203
0 0.790527 0.5537110000000001 0.9497070000000001 0.5537110000000001 0.9497070000000001 0.375977 0.790527 0.375977 0.790527 0.5537110000000001
0 1 0.369141 0.8872070000000001 0.369141 0.8872070000000001 0.583008 1 0.583008 1 0.369141
0 0.000488 0.767578 0.180176 0.767578 0.180176 0.333984 0.000488 0.333984 0.000488 0.767578
0 0.057616999999999995 0.563477 0.27685499999999996 0.563477 0.27685499999999996 0.345703 0.057616999999999995 0.345703 0.057616999999999995 0.563477
0 0.42675799999999997 0.514648 0.533203 0.514648 0.533203 0.350586 0.42675799999999997 0.350586 0.42675799999999997 0.514648
0 0.610352 0.424805 0.639648 0.424805 0.639648 0.378906 0.610352 0.378906 0.610352 0.424805
0 0.40918 0.43164100000000005 0.437012 0.43164100000000005 0.437012 0.381836 0.40918 0.381836 0.40918 0.43164100000000005
2 0.375977 0.567383 0.406738 0.567383 0.406738 0.281934 0.375977 0.281934 0.375977 0.567383
0 0.731445 0.512695 0.867188 0.512695 0.867188 0.375977 0.731445 0.375977 0.731445 0.512695