0 0.749512 0.449219 0.8330080000000001 0.449219 0.8330080000000001 0.361328 0.749512 0.361328 0.749512 0.449219
0 0.6069340000000001 0.42675799999999997 0.6538090000000001 0.42675799999999997 0.6538090000000001 0.361328 0.6069340000000001 0.361328 0.6069340000000001 0.42675799999999997
2 0.208984 0.5087889999999999 0.240234 0.5087889999999999 0.240234 0.388672 0.208984 0.388672 0.208984 0.5087889999999999
0 0.35497999999999996 0.455078 0.394531 0.455078 0.394531 0.355469 0.35497999999999996 0.355469 0.35497999999999996 0.455078
0 0.810547 0.493164 0.999023 0.493164 0.999023 0.333984 0.810547 0.333984 0.810547 0.493164
0 0.531738 0.402344 0.555176 0.402344 0.555176 0.361328 0.531738 0.361328 0.531738 0.402344
1 0.564453 0.41406200000000004 0.652344 0.41406200000000004 0.652344 0.325195 0.564453 0.325195 0.564453 0.41406200000000004
3 0.667969 0.45898399999999995 0.692871 0.45898399999999995 0.692871 0.337891 0.667969 0.337891 0.667969 0.45898399999999995
0 0.4375 0.475586 0.516602 0.475586 0.516602 0.350586 0.4375 0.350586 0.4375 0.475586
0 0.641113 0.43261700000000003 0.672363 0.43261700000000003 0.672363 0.357422 0.641113 0.357422 0.641113 0.43261700000000003
0 0.644043 0.44043 0.710449 0.44043 0.710449 0.348633 0.644043 0.348633 0.644043 0.44043
2 0.6704100000000001 0.461914 0.692383 0.461914 0.692383 0.389648 0.6704100000000001 0.389648 0.6704100000000001 0.461914
0 0.393555 0.433594 0.419922 0.433594 0.419922 0.36718799999999996 0.393555 0.36718799999999996 0.393555 0.433594
0 0.687988 0.449219 0.7788090000000001 0.449219 0.7788090000000001 0.356445 0.687988 0.356445 0.687988 0.449219
0 0.40918 0.418945 0.430176 0.418945 0.430176 0.36718799999999996 0.40918 0.36718799999999996 0.40918 0.418945
0 0.33252000000000004 0.49218799999999996 0.381836 0.49218799999999996 0.381836 0.364258 0.33252000000000004 0.364258 0.33252000000000004 0.49218799999999996