0 0.184082 0.383789 0.036621 0.383789 0.036621 0.563477 0.184082 0.563477 0.184082 0.383789
0 0.661621 0.361328 0.601074 0.361328 0.601074 0.464844 0.661621 0.464844 0.661621 0.361328
3 0.189453 0.371094 0.166992 0.371094 0.166992 0.47851600000000005 0.189453 0.47851600000000005 0.189453 0.371094
3 0.366211 0.384766 0.354004 0.384766 0.354004 0.456055 0.366211 0.456055 0.366211 0.384766
0 0.6079100000000001 0.37793 0.59082 0.37793 0.59082 0.44531200000000004 0.6079100000000001 0.44531200000000004 0.6079100000000001 0.37793
3 0.214355 0.378906 0.19043000000000002 0.378906 0.19043000000000002 0.48535199999999995 0.214355 0.48535199999999995 0.214355 0.378906
0 0.070801 0.399414 0.000488 0.399414 0.000488 0.505859 0.070801 0.505859 0.070801 0.399414
0 0.9663090000000001 0.338867 0.7412110000000001 0.338867 0.7412110000000001 0.669922 0.9663090000000001 0.669922 0.9663090000000001 0.338867
0 0.8066409999999999 0.353516 0.6586909999999999 0.353516 0.6586909999999999 0.568359 0.8066409999999999 0.568359 0.8066409999999999 0.353516
5 0.504883 0.292969 0.40527300000000005 0.292969 0.40527300000000005 0.455078 0.504883 0.455078 0.504883 0.292969
0 0.999512 0.305664 0.8691409999999999 0.305664 0.8691409999999999 0.771484 0.999512 0.771484 0.999512 0.305664
0 0.333984 0.390625 0.26220699999999997 0.390625 0.26220699999999997 0.47363299999999997 0.333984 0.47363299999999997 0.333984 0.390625