3 0.49658199999999997 0.45800799999999997 0.512207 0.45800799999999997 0.512207 0.379883 0.49658199999999997 0.379883 0.49658199999999997 0.45800799999999997
3 0.383301 0.500977 0.40966800000000003 0.500977 0.40966800000000003 0.336914 0.383301 0.336914 0.383301 0.500977
2 0.5224610000000001 0.660156 0.594727 0.660156 0.594727 0.295215 0.5224610000000001 0.295215 0.5224610000000001 0.660156
3 0.433105 0.464844 0.45166000000000006 0.464844 0.45166000000000006 0.36718799999999996 0.433105 0.36718799999999996 0.433105 0.464844
3 0.194336 0.683594 0.25439500000000004 0.683594 0.25439500000000004 0.217773 0.194336 0.217773 0.194336 0.683594
3 0.461914 0.45214800000000005 0.476074 0.45214800000000005 0.476074 0.375 0.461914 0.375 0.461914 0.45214800000000005
0 0.5869139999999999 0.446289 0.6474610000000001 0.446289 0.6474610000000001 0.394531 0.5869139999999999 0.394531 0.5869139999999999 0.446289
0 0.585449 0.44531200000000004 0.628418 0.44531200000000004 0.628418 0.394531 0.585449 0.394531 0.585449 0.44531200000000004
1 0.714844 0.486328 0.803223 0.486328 0.803223 0.264648 0.714844 0.264648 0.714844 0.486328
3 0.312988 0.636719 0.359375 0.636719 0.359375 0.254883 0.312988 0.254883 0.312988 0.636719
0 0.80127 0.456055 0.859863 0.456055 0.859863 0.390625 0.80127 0.390625 0.80127 0.456055