0 0.597656 0.421875 0.535156 0.421875 0.535156 0.482422 0.597656 0.482422 0.597656 0.421875
0 0.529297 0.408203 0.45166000000000006 0.408203 0.45166000000000006 0.525391 0.529297 0.525391 0.529297 0.408203
0 1 0.365234 0.9194340000000001 0.365234 0.9194340000000001 0.53418 1 0.53418 1 0.365234
0 0.8935549999999999 0.393555 0.748047 0.393555 0.748047 0.511719 0.8935549999999999 0.511719 0.8935549999999999 0.393555
0 0.09814500000000001 0.40332 0.0043950000000000005 0.40332 0.0043950000000000005 0.50293 0.09814500000000001 0.50293 0.09814500000000001 0.40332
0 0.314941 0.43261700000000003 0.286621 0.43261700000000003 0.286621 0.475586 0.314941 0.475586 0.314941 0.43261700000000003
0 0.453613 0.42089800000000005 0.41406200000000004 0.42089800000000005 0.41406200000000004 0.487305 0.453613 0.487305 0.453613 0.42089800000000005
3 0.637695 0.394531 0.6162110000000001 0.394531 0.6162110000000001 0.50293 0.637695 0.50293 0.637695 0.394531
0 0.7724610000000001 0.395508 0.701172 0.395508 0.701172 0.503906 0.7724610000000001 0.503906 0.7724610000000001 0.395508
3 0.574707 0.41210899999999995 0.558594 0.41210899999999995 0.558594 0.49023399999999995 0.574707 0.49023399999999995 0.574707 0.41210899999999995
3 0.6577149999999999 0.404297 0.6381840000000001 0.404297 0.6381840000000001 0.50293 0.6577149999999999 0.50293 0.6577149999999999 0.404297
0 0.380371 0.428711 0.354492 0.428711 0.354492 0.46875 0.380371 0.46875 0.380371 0.428711
0 0.71582 0.408203 0.681152 0.408203 0.681152 0.49707 0.71582 0.49707 0.71582 0.408203
0 0.354004 0.43261700000000003 0.334961 0.43261700000000003 0.334961 0.459961 0.354004 0.459961 0.354004 0.43261700000000003
0 0.5610350000000001 0.42089800000000005 0.52832 0.42089800000000005 0.52832 0.475586 0.5610350000000001 0.475586 0.5610350000000001 0.42089800000000005
0 0.693359 0.40722699999999995 0.658203 0.40722699999999995 0.658203 0.484375 0.693359 0.484375 0.693359 0.40722699999999995
0 0.696777 0.40722699999999995 0.6704100000000001 0.40722699999999995 0.6704100000000001 0.486328 0.696777 0.486328 0.696777 0.40722699999999995