0 0.402344 0.482422 0.464844 0.482422 0.464844 0.421875 0.402344 0.421875 0.402344 0.482422
0 0.470703 0.525391 0.5483399999999999 0.525391 0.5483399999999999 0.408203 0.470703 0.408203 0.470703 0.525391
0 0 0.53418 0.080566 0.53418 0.080566 0.365234 0 0.365234 0 0.53418
0 0.10644499999999998 0.511719 0.251953 0.511719 0.251953 0.393555 0.10644499999999998 0.393555 0.10644499999999998 0.511719
0 0.901855 0.50293 0.995605 0.50293 0.995605 0.40332 0.901855 0.40332 0.901855 0.50293
0 0.6850590000000001 0.475586 0.713379 0.475586 0.713379 0.43261700000000003 0.6850590000000001 0.43261700000000003 0.6850590000000001 0.475586
0 0.546387 0.487305 0.585938 0.487305 0.585938 0.42089800000000005 0.546387 0.42089800000000005 0.546387 0.487305
3 0.362305 0.50293 0.383789 0.50293 0.383789 0.394531 0.362305 0.394531 0.362305 0.50293
0 0.227539 0.503906 0.298828 0.503906 0.298828 0.395508 0.227539 0.395508 0.227539 0.503906
3 0.42529300000000003 0.49023399999999995 0.441406 0.49023399999999995 0.441406 0.41210899999999995 0.42529300000000003 0.41210899999999995 0.42529300000000003 0.49023399999999995
3 0.342285 0.50293 0.361816 0.50293 0.361816 0.404297 0.342285 0.404297 0.342285 0.50293
0 0.619629 0.46875 0.645508 0.46875 0.645508 0.428711 0.619629 0.428711 0.619629 0.46875
0 0.28418 0.49707 0.318848 0.49707 0.318848 0.408203 0.28418 0.408203 0.28418 0.49707
0 0.645996 0.459961 0.6650389999999999 0.459961 0.6650389999999999 0.43261700000000003 0.645996 0.43261700000000003 0.645996 0.459961
0 0.43896499999999994 0.475586 0.47168 0.475586 0.47168 0.42089800000000005 0.43896499999999994 0.42089800000000005 0.43896499999999994 0.475586
0 0.306641 0.484375 0.341797 0.484375 0.341797 0.40722699999999995 0.306641 0.40722699999999995 0.306641 0.484375
0 0.303223 0.486328 0.32959 0.486328 0.32959 0.40722699999999995 0.303223 0.40722699999999995 0.303223 0.486328