3 0.7075199999999999 0.402344 0.689453 0.402344 0.689453 0.519531 0.7075199999999999 0.519531 0.7075199999999999 0.402344
0 0.555176 0.441406 0.491699 0.441406 0.491699 0.5400389999999999 0.555176 0.5400389999999999 0.555176 0.441406
3 0.177246 0.423828 0.154785 0.423828 0.154785 0.542969 0.177246 0.542969 0.177246 0.423828
3 0.139648 0.42773399999999995 0.120117 0.42773399999999995 0.120117 0.543945 0.139648 0.543945 0.139648 0.42773399999999995
3 0.199707 0.424805 0.179199 0.424805 0.179199 0.541016 0.199707 0.541016 0.199707 0.424805
3 0.231934 0.43164100000000005 0.216309 0.43164100000000005 0.216309 0.529297 0.231934 0.529297 0.231934 0.43164100000000005
3 0.158691 0.43261700000000003 0.140137 0.43261700000000003 0.140137 0.541992 0.158691 0.541992 0.158691 0.43261700000000003
3 0.614746 0.44043 0.603027 0.44043 0.603027 0.5 0.614746 0.5 0.614746 0.44043
3 0.24706999999999998 0.42968799999999996 0.230957 0.42968799999999996 0.230957 0.52832 0.24706999999999998 0.52832 0.24706999999999998 0.42968799999999996
3 0.217285 0.43847699999999995 0.202148 0.43847699999999995 0.202148 0.530273 0.217285 0.530273 0.217285 0.43847699999999995
3 0.430664 0.46972699999999995 0.42089800000000005 0.46972699999999995 0.42089800000000005 0.5087889999999999 0.430664 0.5087889999999999 0.430664 0.46972699999999995