3 0.227539 0.418945 0.203125 0.418945 0.203125 0.567383 0.227539 0.567383 0.227539 0.418945
3 0.337891 0.408203 0.323242 0.408203 0.323242 0.488281 0.337891 0.488281 0.337891 0.408203
0 0.49853500000000006 0.40722699999999995 0.45556599999999997 0.40722699999999995 0.45556599999999997 0.49218799999999996 0.49853500000000006 0.49218799999999996 0.49853500000000006 0.40722699999999995
3 0.121582 0.324219 0.057129 0.324219 0.057129 0.6337889999999999 0.121582 0.6337889999999999 0.121582 0.324219
3 0.9360350000000001 0.303711 0.906738 0.303711 0.906738 0.397461 0.9360350000000001 0.397461 0.9360350000000001 0.303711
2 0.07910199999999999 0.46386700000000003 0.000488 0.46386700000000003 0.000488 0.841797 0.07910199999999999 0.841797 0.07910199999999999 0.46386700000000003
3 0.991699 0.306641 0.9580080000000001 0.306641 0.9580080000000001 0.40625 0.991699 0.40625 0.991699 0.306641
3 0.958496 0.287109 0.933105 0.287109 0.933105 0.394531 0.958496 0.394531 0.958496 0.287109
1 0.470703 0.268555 0.366211 0.268555 0.366211 0.5087889999999999 0.470703 0.5087889999999999 0.470703 0.268555
0 0.649902 0.38281200000000004 0.53125 0.38281200000000004 0.53125 0.5712889999999999 0.649902 0.5712889999999999 0.649902 0.38281200000000004
3 0.270996 0.375 0.226562 0.375 0.226562 0.597656 0.270996 0.597656 0.270996 0.375