3 0.7724610000000001 0.567383 0.796875 0.567383 0.796875 0.418945 0.7724610000000001 0.418945 0.7724610000000001 0.567383
3 0.662109 0.488281 0.676758 0.488281 0.676758 0.408203 0.662109 0.408203 0.662109 0.488281
0 0.5014649999999999 0.49218799999999996 0.5444340000000001 0.49218799999999996 0.5444340000000001 0.40722699999999995 0.5014649999999999 0.40722699999999995 0.5014649999999999 0.49218799999999996
3 0.8784179999999999 0.6337889999999999 0.942871 0.6337889999999999 0.942871 0.324219 0.8784179999999999 0.324219 0.8784179999999999 0.6337889999999999
3 0.06396500000000001 0.397461 0.093262 0.397461 0.093262 0.303711 0.06396500000000001 0.303711 0.06396500000000001 0.397461
2 0.920898 0.841797 0.999512 0.841797 0.999512 0.46386700000000003 0.920898 0.46386700000000003 0.920898 0.841797
3 0.008301 0.40625 0.041992 0.40625 0.041992 0.306641 0.008301 0.306641 0.008301 0.40625
3 0.041504 0.394531 0.06689500000000001 0.394531 0.06689500000000001 0.287109 0.041504 0.287109 0.041504 0.394531
1 0.529297 0.5087889999999999 0.6337889999999999 0.5087889999999999 0.6337889999999999 0.268555 0.529297 0.268555 0.529297 0.5087889999999999
0 0.350098 0.5712889999999999 0.46875 0.5712889999999999 0.46875 0.38281200000000004 0.350098 0.38281200000000004 0.350098 0.5712889999999999
3 0.729004 0.597656 0.773438 0.597656 0.773438 0.375 0.729004 0.375 0.729004 0.597656