3 0.824219 0.404297 0.750488 0.404297 0.750488 0.513672 0.824219 0.513672 0.824219 0.404297
3 0.3125 0.358398 0.000977 0.358398 0.000977 0.9326169999999999 0.3125 0.9326169999999999 0.3125 0.358398
3 0.42089800000000005 0.397461 0.294922 0.397461 0.294922 0.6005860000000001 0.42089800000000005 0.6005860000000001 0.42089800000000005 0.397461
3 0.469238 0.408203 0.40136700000000003 0.408203 0.40136700000000003 0.527344 0.469238 0.527344 0.469238 0.408203
3 0.654297 0.402344 0.594727 0.402344 0.594727 0.536133 0.654297 0.536133 0.654297 0.402344
3 0.77832 0.397461 0.623047 0.397461 0.623047 0.607422 0.77832 0.607422 0.77832 0.397461
3 0.8930659999999999 0.396484 0.8330080000000001 0.396484 0.8330080000000001 0.509766 0.8930659999999999 0.509766 0.8930659999999999 0.396484
3 0.594727 0.417969 0.568848 0.417969 0.568848 0.48925799999999997 0.594727 0.48925799999999997 0.594727 0.417969
3 0.5795899999999999 0.41601600000000005 0.554199 0.41601600000000005 0.554199 0.47460899999999995 0.5795899999999999 0.47460899999999995 0.5795899999999999 0.41601600000000005
3 0.602051 0.417969 0.5805659999999999 0.417969 0.5805659999999999 0.501953 0.602051 0.501953 0.602051 0.417969
3 0.562012 0.421875 0.5454100000000001 0.421875 0.5454100000000001 0.461914 0.562012 0.461914 0.562012 0.421875
3 0.49658199999999997 0.41699200000000003 0.48095699999999997 0.41699200000000003 0.48095699999999997 0.46972699999999995 0.49658199999999997 0.46972699999999995 0.49658199999999997 0.41699200000000003
3 0.585449 0.415039 0.558594 0.415039 0.558594 0.477539 0.585449 0.477539 0.585449 0.415039