3 0.000488 0.827148 0.262695 0.827148 0.262695 0.339844 0.000488 0.339844 0.000488 0.827148
3 0.203613 0.611328 0.352051 0.611328 0.352051 0.366211 0.203613 0.366211 0.203613 0.611328
3 0.332031 0.53418 0.40283199999999997 0.53418 0.40283199999999997 0.41406200000000004 0.332031 0.41406200000000004 0.332031 0.53418
3 0.413086 0.48535199999999995 0.444824 0.48535199999999995 0.444824 0.42089800000000005 0.413086 0.42089800000000005 0.413086 0.48535199999999995
3 0.361328 0.515625 0.423828 0.515625 0.423828 0.40332 0.361328 0.40332 0.361328 0.515625
3 0.472656 0.45214800000000005 0.492676 0.45214800000000005 0.492676 0.418945 0.472656 0.418945 0.472656 0.45214800000000005
1 0.718262 0.515625 0.7387699999999999 0.515625 0.7387699999999999 0.396875 0.718262 0.396875 0.718262 0.515625
0 0.655762 0.48535199999999995 0.669922 0.48535199999999995 0.669922 0.40625 0.655762 0.40625 0.655762 0.48535199999999995
1 0.817871 0.543945 0.8505860000000001 0.543945 0.8505860000000001 0.384375 0.817871 0.384375 0.817871 0.543945
1 0.6362300000000001 0.49023399999999995 0.648926 0.49023399999999995 0.648926 0.407129 0.6362300000000001 0.407129 0.6362300000000001 0.49023399999999995
3 0.44775400000000004 0.453125 0.46630900000000003 0.453125 0.46630900000000003 0.42285199999999995 0.44775400000000004 0.42285199999999995 0.44775400000000004 0.453125