3 0.47363299999999997 0.42675799999999997 0.41748 0.42675799999999997 0.41748 0.500977 0.47363299999999997 0.500977 0.47363299999999997 0.42675799999999997
3 0.632812 0.40039100000000005 0.566406 0.40039100000000005 0.566406 0.514648 0.632812 0.514648 0.632812 0.40039100000000005
1 0.212891 0.40830099999999997 0.182129 0.40830099999999997 0.182129 0.557617 0.212891 0.557617 0.212891 0.40830099999999997
1 0.310547 0.41748 0.290039 0.41748 0.290039 0.5224610000000001 0.310547 0.5224610000000001 0.310547 0.41748
3 0.773926 0.373047 0.68457 0.373047 0.68457 0.53418 0.773926 0.53418 0.773926 0.373047
3 0.48925799999999997 0.425781 0.45898399999999995 0.425781 0.45898399999999995 0.481445 0.48925799999999997 0.481445 0.48925799999999997 0.425781
3 0.716797 0.369141 0.662598 0.369141 0.662598 0.5 0.716797 0.5 0.716797 0.369141
1 0.335449 0.40918 0.317871 0.40918 0.317871 0.520508 0.335449 0.520508 0.335449 0.40918
3 0.554199 0.41699200000000003 0.523438 0.41699200000000003 0.523438 0.46777300000000005 0.554199 0.46777300000000005 0.554199 0.41699200000000003
3 0.641113 0.40039100000000005 0.619629 0.40039100000000005 0.619629 0.46289100000000005 0.641113 0.46289100000000005 0.641113 0.40039100000000005
3 0.667969 0.40918 0.6518550000000001 0.40918 0.6518550000000001 0.44726600000000005 0.667969 0.44726600000000005 0.667969 0.40918
3 0.572266 0.42773399999999995 0.5444340000000001 0.42773399999999995 0.5444340000000001 0.466797 0.572266 0.466797 0.572266 0.42773399999999995