3 0.785156 0.5400389999999999 0.868652 0.5400389999999999 0.868652 0.42089800000000005 0.785156 0.42089800000000005 0.785156 0.5400389999999999
3 0.858398 0.566406 0.9472659999999999 0.566406 0.9472659999999999 0.42089800000000005 0.858398 0.42089800000000005 0.858398 0.566406
3 0.450195 0.49902300000000005 0.5043949999999999 0.49902300000000005 0.5043949999999999 0.40527300000000005 0.450195 0.40527300000000005 0.450195 0.49902300000000005
3 0.7319340000000001 0.520508 0.794922 0.520508 0.794922 0.42285199999999995 0.7319340000000001 0.42285199999999995 0.7319340000000001 0.520508
3 0.6889649999999999 0.504883 0.741699 0.504883 0.741699 0.42285199999999995 0.6889649999999999 0.42285199999999995 0.6889649999999999 0.504883
3 1 0.34668 0.9375 0.34668 0.9375 0.639648 1 0.639648 1 0.34668
3 0.661621 0.491211 0.7016600000000001 0.491211 0.7016600000000001 0.424805 0.661621 0.424805 0.661621 0.491211
3 0.537109 0.46289100000000005 0.565918 0.46289100000000005 0.565918 0.41699200000000003 0.537109 0.41699200000000003 0.537109 0.46289100000000005
3 0.579102 0.464844 0.606445 0.464844 0.606445 0.41699200000000003 0.579102 0.41699200000000003 0.579102 0.464844
0 0.120117 0.520508 0.156738 0.520508 0.156738 0.394531 0.120117 0.394531 0.120117 0.520508
0 0.234863 0.456055 0.249023 0.456055 0.249023 0.392578 0.234863 0.392578 0.234863 0.456055
3 0.522949 0.45898399999999995 0.541504 0.45898399999999995 0.541504 0.41699200000000003 0.522949 0.41699200000000003 0.522949 0.45898399999999995
0 0.24706999999999998 0.44824200000000003 0.26122999999999996 0.44824200000000003 0.26122999999999996 0.396484 0.24706999999999998 0.396484 0.24706999999999998 0.44824200000000003