3 0.562012 0.370117 0.43212900000000004 0.370117 0.43212900000000004 0.582031 0.562012 0.582031 0.562012 0.370117
3 0.31591800000000003 0.389648 0.24365199999999998 0.389648 0.24365199999999998 0.482422 0.31591800000000003 0.482422 0.31591800000000003 0.389648
1 0.6743159999999999 0.386719 0.628906 0.386719 0.628906 0.48339800000000005 0.6743159999999999 0.48339800000000005 0.6743159999999999 0.386719
3 0.353516 0.383789 0.304199 0.383789 0.304199 0.459961 0.353516 0.459961 0.353516 0.383789
1 0.776367 0.371094 0.7387699999999999 0.371094 0.7387699999999999 0.477539 0.776367 0.477539 0.776367 0.371094
1 0.992188 0.373047 0.907227 0.373047 0.907227 0.543945 0.992188 0.543945 0.992188 0.373047
1 0.891602 0.366211 0.838379 0.366211 0.838379 0.509766 0.891602 0.509766 0.891602 0.366211
3 0.41699200000000003 0.385742 0.353027 0.385742 0.353027 0.430664 0.41699200000000003 0.430664 0.41699200000000003 0.385742
1 0.943848 0.364258 0.867676 0.364258 0.867676 0.516602 0.943848 0.516602 0.943848 0.364258
4 0.524902 0.291992 0.44238299999999997 0.291992 0.44238299999999997 0.41699200000000003 0.524902 0.41699200000000003 0.524902 0.291992
3 0.619629 0.375 0.573242 0.375 0.573242 0.418945 0.619629 0.418945 0.619629 0.375