3 0.590332 0.731445 0.852051 0.731445 0.852051 0.331055 0.590332 0.331055 0.590332 0.731445
3 0.09277300000000001 0.608398 0.260742 0.608398 0.260742 0.402344 0.09277300000000001 0.402344 0.09277300000000001 0.608398
3 0.526367 0.6162110000000001 0.603516 0.6162110000000001 0.603516 0.397461 0.526367 0.397461 0.526367 0.6162110000000001
3 0.391602 0.47168 0.41748 0.47168 0.41748 0.433594 0.391602 0.433594 0.391602 0.47168
3 0.29345699999999997 0.5244139999999999 0.355469 0.5244139999999999 0.355469 0.42968799999999996 0.29345699999999997 0.42968799999999996 0.29345699999999997 0.5244139999999999
3 0.46337900000000004 0.516602 0.49755900000000003 0.516602 0.49755900000000003 0.415039 0.46337900000000004 0.415039 0.46337900000000004 0.516602
5 0.48925799999999997 0.547852 0.5756840000000001 0.547852 0.5756840000000001 0.318359 0.48925799999999997 0.318359 0.48925799999999997 0.547852
5 0.8964840000000001 0.9814450000000001 0.999512 0.9814450000000001 0.999512 0.035156 0.8964840000000001 0.035156 0.8964840000000001 0.9814450000000001
3 0.373535 0.46777300000000005 0.393066 0.46777300000000005 0.393066 0.43457 0.373535 0.43457 0.373535 0.46777300000000005
3 0.34375 0.493164 0.364746 0.493164 0.364746 0.42773399999999995 0.34375 0.42773399999999995 0.34375 0.493164
3 0.361328 0.464844 0.378906 0.464844 0.378906 0.43164100000000005 0.361328 0.43164100000000005 0.361328 0.464844