3 0 0.561523 0.140137 0.561523 0.140137 0.318359 0 0.318359 0 0.561523
3 0.994629 0.368164 0.756348 0.368164 0.756348 0.713867 0.994629 0.713867 0.994629 0.368164
3 0.520996 0.384766 0.394531 0.384766 0.394531 0.568359 0.520996 0.568359 0.520996 0.384766
3 0.786621 0.380859 0.6860350000000001 0.380859 0.6860350000000001 0.592773 0.786621 0.592773 0.786621 0.380859
0 0.594727 0.375977 0.55957 0.375977 0.55957 0.527344 0.594727 0.527344 0.594727 0.375977
3 0.703125 0.40722699999999995 0.644043 0.40722699999999995 0.644043 0.520508 0.703125 0.520508 0.703125 0.40722699999999995
3 0.537598 0.389648 0.5 0.389648 0.5 0.532227 0.537598 0.532227 0.537598 0.389648
3 0.547363 0.396484 0.5200199999999999 0.396484 0.5200199999999999 0.480469 0.547363 0.480469 0.547363 0.396484
3 0.643555 0.404297 0.6137699999999999 0.404297 0.6137699999999999 0.477539 0.643555 0.477539 0.643555 0.404297
3 0.566406 0.40527300000000005 0.547363 0.40527300000000005 0.547363 0.441406 0.566406 0.441406 0.566406 0.40527300000000005
3 0.6547850000000001 0.40918 0.62793 0.40918 0.62793 0.486328 0.6547850000000001 0.486328 0.6547850000000001 0.40918
3 0.623047 0.408203 0.605957 0.408203 0.605957 0.46289100000000005 0.623047 0.46289100000000005 0.623047 0.408203