6 0.47119099999999997 0.235352 0.23828100000000002 0.235352 0.23828100000000002 0.59668 0.47119099999999997 0.59668 0.47119099999999997 0.235352
2 0.571777 0.42675799999999997 0.5131840000000001 0.42675799999999997 0.5131840000000001 0.491211 0.571777 0.491211 0.571777 0.42675799999999997
1 0.6743159999999999 0.457031 0.583984 0.457031 0.583984 0.6181639999999999 0.6743159999999999 0.6181639999999999 0.6743159999999999 0.457031
1 0.8388669999999999 0.44238299999999997 0.718262 0.44238299999999997 0.718262 0.646484 0.8388669999999999 0.646484 0.8388669999999999 0.44238299999999997
0 0.662109 0.35156200000000004 0.6118159999999999 0.35156200000000004 0.6118159999999999 0.574219 0.662109 0.574219 0.662109 0.35156200000000004
0 0.817871 0.327148 0.75 0.327148 0.75 0.598633 0.817871 0.598633 0.817871 0.327148
2 0.188477 0.413086 0.062012 0.413086 0.062012 0.493164 0.188477 0.493164 0.188477 0.413086
0 0.724121 0.41699200000000003 0.697266 0.41699200000000003 0.697266 0.550781 0.724121 0.550781 0.724121 0.41699200000000003
2 0.242188 0.41601600000000005 0.17968800000000001 0.41601600000000005 0.17968800000000001 0.516602 0.242188 0.516602 0.242188 0.41601600000000005
2 0.491211 0.42773399999999995 0.46630900000000003 0.42773399999999995 0.46630900000000003 0.480469 0.491211 0.480469 0.491211 0.42773399999999995
2 0.6137699999999999 0.433594 0.573242 0.433594 0.573242 0.477539 0.6137699999999999 0.477539 0.6137699999999999 0.433594
2 0.0625 0.408203 0.0039059999999999997 0.408203 0.0039059999999999997 0.470703 0.0625 0.470703 0.0625 0.408203
2 0.506348 0.42968799999999996 0.483887 0.42968799999999996 0.483887 0.475586 0.506348 0.475586 0.506348 0.42968799999999996
0 0.7514649999999999 0.399414 0.7299800000000001 0.399414 0.7299800000000001 0.518555 0.7514649999999999 0.518555 0.7514649999999999 0.399414
2 0.104492 0.40625 0.049805 0.40625 0.049805 0.47460899999999995 0.104492 0.47460899999999995 0.104492 0.40625