1 0.9340820000000001 0.410156 0.735352 0.410156 0.735352 0.674805 0.9340820000000001 0.674805 0.9340820000000001 0.410156
4 0.541016 0.311523 0.43994099999999997 0.311523 0.43994099999999997 0.488281 0.541016 0.488281 0.541016 0.311523
2 0.716797 0.375 0.630371 0.375 0.630371 0.504883 0.716797 0.504883 0.716797 0.375
2 0.599121 0.395508 0.551758 0.395508 0.551758 0.46972699999999995 0.599121 0.46972699999999995 0.599121 0.395508
0 0.355469 0.330078 0.316406 0.330078 0.316406 0.610352 0.355469 0.610352 0.355469 0.330078
0 0.8940429999999999 0.243164 0.8100590000000001 0.243164 0.8100590000000001 0.669922 0.8940429999999999 0.669922 0.8940429999999999 0.243164
0 0 0.714844 0.040527 0.714844 0.040527 0.275391 0 0.275391 0 0.714844
0 0.3125 0.379883 0.291992 0.379883 0.291992 0.491211 0.3125 0.491211 0.3125 0.379883
3 0 0.766602 0.08984400000000001 0.766602 0.08984400000000001 0.41113299999999997 0 0.41113299999999997 0 0.766602
0 0.916504 0.306641 0.883301 0.306641 0.883301 0.45800799999999997 0.916504 0.45800799999999997 0.916504 0.306641
6 0.44335899999999995 0.364258 0.351074 0.364258 0.351074 0.49414100000000005 0.44335899999999995 0.49414100000000005 0.44335899999999995 0.364258
2 0.6474610000000001 0.390625 0.614258 0.390625 0.614258 0.46875 0.6474610000000001 0.46875 0.6474610000000001 0.390625
1 0.770508 0.40332 0.741699 0.40332 0.741699 0.510742 0.770508 0.510742 0.770508 0.40332