1 0.065918 0.674805 0.264648 0.674805 0.264648 0.410156 0.065918 0.410156 0.065918 0.674805
4 0.45898399999999995 0.488281 0.5600590000000001 0.488281 0.5600590000000001 0.311523 0.45898399999999995 0.311523 0.45898399999999995 0.488281
2 0.283203 0.504883 0.369629 0.504883 0.369629 0.375 0.283203 0.375 0.283203 0.504883
2 0.40087900000000004 0.46972699999999995 0.44824200000000003 0.46972699999999995 0.44824200000000003 0.395508 0.40087900000000004 0.395508 0.40087900000000004 0.46972699999999995
0 0.644531 0.610352 0.683594 0.610352 0.683594 0.330078 0.644531 0.330078 0.644531 0.610352
0 0.105957 0.669922 0.189941 0.669922 0.189941 0.243164 0.105957 0.243164 0.105957 0.669922
0 1 0.275391 0.959473 0.275391 0.959473 0.714844 1 0.714844 1 0.275391
0 0.6875 0.491211 0.708008 0.491211 0.708008 0.379883 0.6875 0.379883 0.6875 0.491211
3 1 0.41113299999999997 0.910156 0.41113299999999997 0.910156 0.766602 1 0.766602 1 0.41113299999999997
0 0.083496 0.45800799999999997 0.116699 0.45800799999999997 0.116699 0.306641 0.083496 0.306641 0.083496 0.45800799999999997
6 0.556641 0.49414100000000005 0.648926 0.49414100000000005 0.648926 0.364258 0.556641 0.364258 0.556641 0.49414100000000005
2 0.352539 0.46875 0.385742 0.46875 0.385742 0.390625 0.352539 0.390625 0.352539 0.46875
1 0.22949199999999997 0.510742 0.258301 0.510742 0.258301 0.40332 0.22949199999999997 0.40332 0.22949199999999997 0.510742