3 0.321289 0.394531 0.102539 0.394531 0.102539 0.541992 0.321289 0.541992 0.321289 0.394531
0 0 0.669922 0.07421900000000001 0.669922 0.07421900000000001 0.27832 0 0.27832 0 0.669922
1 0.9409179999999999 0.38622999999999996 0.8027340000000001 0.38622999999999996 0.8027340000000001 0.657227 0.9409179999999999 0.657227 0.9409179999999999 0.38622999999999996
1 0.40380900000000003 0.410156 0.322266 0.410156 0.322266 0.519531 0.40380900000000003 0.519531 0.40380900000000003 0.410156
1 0.47119099999999997 0.41113299999999997 0.385254 0.41113299999999997 0.385254 0.52832 0.47119099999999997 0.52832 0.47119099999999997 0.41113299999999997
1 0.6694340000000001 0.34892599999999996 0.5537110000000001 0.34892599999999996 0.5537110000000001 0.597656 0.6694340000000001 0.597656 0.6694340000000001 0.34892599999999996
3 0.708008 0.428711 0.6450199999999999 0.428711 0.6450199999999999 0.548828 0.708008 0.548828 0.708008 0.428711
3 0.127441 0.368164 0.067383 0.368164 0.067383 0.511719 0.127441 0.511719 0.127441 0.368164
3 1 0.549805 0.959473 0.549805 0.959473 0.8466799999999999 1 0.8466799999999999 1 0.549805
3 0.832031 0.433594 0.8076169999999999 0.433594 0.8076169999999999 0.49414100000000005 0.832031 0.49414100000000005 0.832031 0.433594
3 0.9628909999999999 0.42773399999999995 0.818848 0.42773399999999995 0.818848 0.608398 0.9628909999999999 0.608398 0.9628909999999999 0.42773399999999995
1 0.543457 0.42773399999999995 0.515137 0.42773399999999995 0.515137 0.525391 0.543457 0.525391 0.543457 0.42773399999999995
1 0.806738 0.393652 0.7804490000000001 0.393652 0.7804490000000001 0.539062 0.806738 0.539062 0.806738 0.393652
3 0.722168 0.42968799999999996 0.690918 0.42968799999999996 0.690918 0.510742 0.722168 0.510742 0.722168 0.42968799999999996
0 0 0.621094 0.029785 0.621094 0.029785 0.291016 0 0.291016 0 0.621094
3 0.730957 0.433594 0.708008 0.433594 0.708008 0.5 0.730957 0.5 0.730957 0.433594