2 0.649902 0.402344 0.5444340000000001 0.402344 0.5444340000000001 0.552734 0.649902 0.552734 0.649902 0.402344
4 0.7880860000000001 0.27832 0.5668949999999999 0.27832 0.5668949999999999 0.530273 0.7880860000000001 0.530273 0.7880860000000001 0.27832
0 0.8256840000000001 0.381836 0.807129 0.381836 0.807129 0.48925799999999997 0.8256840000000001 0.48925799999999997 0.8256840000000001 0.381836
0 0.43603500000000006 0.402344 0.42089800000000005 0.402344 0.42089800000000005 0.487305 0.43603500000000006 0.487305 0.43603500000000006 0.402344
0 0.874512 0.385742 0.8535159999999999 0.385742 0.8535159999999999 0.491211 0.874512 0.491211 0.874512 0.385742
0 0.8525389999999999 0.375977 0.8295899999999999 0.375977 0.8295899999999999 0.496094 0.8525389999999999 0.496094 0.8525389999999999 0.375977
0 0.422363 0.39843799999999996 0.40380900000000003 0.39843799999999996 0.40380900000000003 0.48925799999999997 0.422363 0.48925799999999997 0.422363 0.39843799999999996
0 0.356934 0.40332 0.344238 0.40332 0.344238 0.475586 0.356934 0.475586 0.356934 0.40332
0 0.393066 0.399414 0.373047 0.399414 0.373047 0.486328 0.393066 0.486328 0.393066 0.399414
0 0.47460899999999995 0.402344 0.453613 0.402344 0.453613 0.488281 0.47460899999999995 0.488281 0.47460899999999995 0.402344
0 0.805176 0.392578 0.789062 0.392578 0.789062 0.480469 0.805176 0.480469 0.805176 0.392578
0 0.5297850000000001 0.40527300000000005 0.515137 0.40527300000000005 0.515137 0.47460899999999995 0.5297850000000001 0.47460899999999995 0.5297850000000001 0.40527300000000005
1 0.478027 0.43847699999999995 0.44335899999999995 0.43847699999999995 0.44335899999999995 0.48925799999999997 0.478027 0.48925799999999997 0.478027 0.43847699999999995