3 0.686523 0.314453 0.469238 0.314453 0.469238 0.712891 0.686523 0.712891 0.686523 0.314453
0 0.911621 0.291016 0.859375 0.291016 0.859375 0.611328 0.911621 0.611328 0.911621 0.291016
0 0.816895 0.325195 0.781738 0.325195 0.781738 0.556641 0.816895 0.556641 0.816895 0.325195
3 0.45849599999999996 0.435547 0.413086 0.435547 0.413086 0.509766 0.45849599999999996 0.509766 0.45849599999999996 0.435547
1 0.43652300000000005 0.37324199999999996 0.349609 0.37324199999999996 0.349609 0.551758 0.43652300000000005 0.551758 0.43652300000000005 0.37324199999999996
0 0.759766 0.366211 0.7329100000000001 0.366211 0.7329100000000001 0.519531 0.759766 0.519531 0.759766 0.366211
1 0.249512 0.34814500000000004 0.203613 0.34814500000000004 0.203613 0.638672 0.249512 0.638672 0.249512 0.34814500000000004
1 0.20542 0.37148400000000004 0.10009799999999999 0.37148400000000004 0.10009799999999999 0.566406 0.20542 0.566406 0.20542 0.37148400000000004
0 0.695312 0.40625 0.678223 0.40625 0.678223 0.49023399999999995 0.695312 0.49023399999999995 0.695312 0.40625
1 0.32959 0.38622999999999996 0.271973 0.38622999999999996 0.271973 0.566406 0.32959 0.566406 0.32959 0.38622999999999996
3 0.48339800000000005 0.423828 0.46093799999999996 0.423828 0.46093799999999996 0.49707 0.48339800000000005 0.49707 0.48339800000000005 0.423828
3 1 0.350586 0.9003909999999999 0.350586 0.9003909999999999 0.480469 1 0.480469 1 0.350586