3 0.313477 0.712891 0.530762 0.712891 0.530762 0.314453 0.313477 0.314453 0.313477 0.712891
0 0.088379 0.611328 0.140625 0.611328 0.140625 0.291016 0.088379 0.291016 0.088379 0.611328
0 0.18310500000000002 0.556641 0.218262 0.556641 0.218262 0.325195 0.18310500000000002 0.325195 0.18310500000000002 0.556641
3 0.541504 0.509766 0.5869139999999999 0.509766 0.5869139999999999 0.435547 0.541504 0.435547 0.541504 0.509766
1 0.563477 0.551758 0.650391 0.551758 0.650391 0.37324199999999996 0.563477 0.37324199999999996 0.563477 0.551758
0 0.240234 0.519531 0.26709 0.519531 0.26709 0.366211 0.240234 0.366211 0.240234 0.519531
1 0.750488 0.638672 0.796387 0.638672 0.796387 0.34814500000000004 0.750488 0.34814500000000004 0.750488 0.638672
1 0.7945800000000001 0.566406 0.899902 0.566406 0.899902 0.37148400000000004 0.7945800000000001 0.37148400000000004 0.7945800000000001 0.566406
0 0.30468799999999996 0.49023399999999995 0.321777 0.49023399999999995 0.321777 0.40625 0.30468799999999996 0.40625 0.30468799999999996 0.49023399999999995
1 0.6704100000000001 0.566406 0.728027 0.566406 0.728027 0.38622999999999996 0.6704100000000001 0.38622999999999996 0.6704100000000001 0.566406
3 0.516602 0.49707 0.539062 0.49707 0.539062 0.423828 0.516602 0.423828 0.516602 0.49707
3 0 0.480469 0.099609 0.480469 0.099609 0.350586 0 0.350586 0 0.480469