3 0.449219 0.418945 0.384277 0.418945 0.384277 0.511719 0.449219 0.511719 0.449219 0.418945
3 0.541016 0.404297 0.473145 0.404297 0.473145 0.527344 0.541016 0.527344 0.541016 0.404297
0 0.9409179999999999 0.310547 0.894531 0.310547 0.894531 0.561523 0.9409179999999999 0.561523 0.9409179999999999 0.310547
3 0.258301 0.24706999999999998 0.000488 0.24706999999999998 0.000488 0.9248049999999999 0.258301 0.9248049999999999 0.258301 0.24706999999999998
1 1 0.41210899999999995 0.933105 0.41210899999999995 0.933105 0.5537110000000001 1 0.5537110000000001 1 0.41210899999999995
0 0.839355 0.349609 0.803223 0.349609 0.803223 0.551758 0.839355 0.551758 0.839355 0.349609
1 0.367676 0.373437 0.335449 0.373437 0.335449 0.563477 0.367676 0.563477 0.367676 0.373437
0 0.8920899999999999 0.350586 0.858887 0.350586 0.858887 0.543945 0.8920899999999999 0.543945 0.8920899999999999 0.350586
3 0.480469 0.42675799999999997 0.44824200000000003 0.42675799999999997 0.44824200000000003 0.488281 0.480469 0.488281 0.480469 0.42675799999999997
0 0.769531 0.368164 0.739746 0.368164 0.739746 0.542969 0.769531 0.542969 0.769531 0.368164
1 0.332031 0.389355 0.305664 0.389355 0.305664 0.563477 0.332031 0.563477 0.332031 0.389355
3 0.573242 0.40136700000000003 0.5288090000000001 0.40136700000000003 0.5288090000000001 0.48925799999999997 0.573242 0.48925799999999997 0.573242 0.40136700000000003
0 0.804199 0.37207 0.773926 0.37207 0.773926 0.541016 0.804199 0.541016 0.804199 0.37207
0 0.706055 0.388672 0.6806639999999999 0.388672 0.6806639999999999 0.535156 0.706055 0.535156 0.706055 0.388672
0 0.7431639999999999 0.387695 0.723633 0.387695 0.723633 0.510742 0.7431639999999999 0.510742 0.7431639999999999 0.387695