0 0.630371 0.22949199999999997 0.531738 0.22949199999999997 0.531738 0.708008 0.630371 0.708008 0.630371 0.22949199999999997
0 1 0.23046899999999998 0.9580080000000001 0.23046899999999998 0.9580080000000001 0.580078 1 0.580078 1 0.23046899999999998
0 0.41113299999999997 0.296875 0.31689500000000004 0.296875 0.31689500000000004 0.6787110000000001 0.41113299999999997 0.6787110000000001 0.41113299999999997 0.296875
0 0.23144499999999998 0.314453 0.16894499999999998 0.314453 0.16894499999999998 0.666992 0.23144499999999998 0.666992 0.23144499999999998 0.314453
0 0.16064499999999998 0.357422 0.134277 0.357422 0.134277 0.501953 0.16064499999999998 0.501953 0.16064499999999998 0.357422
0 0.137207 0.355469 0.105957 0.355469 0.105957 0.511719 0.137207 0.511719 0.137207 0.355469
0 0.74707 0.308594 0.7075199999999999 0.308594 0.7075199999999999 0.509766 0.74707 0.509766 0.74707 0.308594
0 0.624512 0.322266 0.59082 0.322266 0.59082 0.55957 0.624512 0.55957 0.624512 0.322266
0 0.6577149999999999 0.34375 0.637207 0.34375 0.637207 0.470703 0.6577149999999999 0.470703 0.6577149999999999 0.34375
0 0.329102 0.375977 0.3125 0.375977 0.3125 0.44335899999999995 0.329102 0.44335899999999995 0.329102 0.375977
0 0.525391 0.365234 0.509766 0.365234 0.509766 0.449219 0.525391 0.449219 0.525391 0.365234
0 0.266602 0.374023 0.24609399999999998 0.374023 0.24609399999999998 0.46582 0.266602 0.46582 0.266602 0.374023
1 0.45849599999999996 0.373828 0.446777 0.373828 0.446777 0.451172 0.45849599999999996 0.451172 0.45849599999999996 0.373828
0 0.49853500000000006 0.368164 0.486328 0.368164 0.486328 0.439453 0.49853500000000006 0.439453 0.49853500000000006 0.368164