4 0.460449 0.261719 0.294434 0.261719 0.294434 0.552734 0.460449 0.552734 0.460449 0.261719
0 0.083984 0.347656 0.022949 0.347656 0.022949 0.625 0.083984 0.625 0.083984 0.347656
0 0.121582 0.38281200000000004 0.09179699999999999 0.38281200000000004 0.09179699999999999 0.557617 0.121582 0.557617 0.121582 0.38281200000000004
0 0.19873000000000002 0.389648 0.17334 0.389648 0.17334 0.537109 0.19873000000000002 0.537109 0.19873000000000002 0.389648
0 0.273926 0.41113299999999997 0.253906 0.41113299999999997 0.253906 0.5244139999999999 0.273926 0.5244139999999999 0.273926 0.41113299999999997
0 0.28906200000000004 0.404297 0.271973 0.404297 0.271973 0.521484 0.28906200000000004 0.521484 0.28906200000000004 0.404297
3 0.48193400000000003 0.43652300000000005 0.45654300000000003 0.43652300000000005 0.45654300000000003 0.498047 0.48193400000000003 0.498047 0.48193400000000003 0.43652300000000005
0 0.21386699999999997 0.396484 0.195801 0.396484 0.195801 0.519531 0.21386699999999997 0.519531 0.21386699999999997 0.396484
0 0.7700199999999999 0.374023 0.7475590000000001 0.374023 0.7475590000000001 0.428711 0.7700199999999999 0.428711 0.7700199999999999 0.374023
0 0.5112300000000001 0.43847699999999995 0.500977 0.43847699999999995 0.500977 0.49023399999999995 0.5112300000000001 0.49023399999999995 0.5112300000000001 0.43847699999999995
0 0.546387 0.43261700000000003 0.536621 0.43261700000000003 0.536621 0.487305 0.546387 0.487305 0.546387 0.43261700000000003
1 0.623682 0.34873 0.570898 0.34873 0.570898 0.632812 0.623682 0.632812 0.623682 0.34873
0 0.536621 0.43652300000000005 0.527832 0.43652300000000005 0.527832 0.48925799999999997 0.536621 0.48925799999999997 0.536621 0.43652300000000005
0 0.23046899999999998 0.402344 0.217285 0.402344 0.217285 0.517578 0.23046899999999998 0.517578 0.23046899999999998 0.402344
3 0.48779300000000003 0.441406 0.472656 0.441406 0.472656 0.48925799999999997 0.48779300000000003 0.48925799999999997 0.48779300000000003 0.441406