4 0.539551 0.552734 0.7055659999999999 0.552734 0.7055659999999999 0.261719 0.539551 0.261719 0.539551 0.552734
0 0.9160159999999999 0.625 0.977051 0.625 0.977051 0.347656 0.9160159999999999 0.347656 0.9160159999999999 0.625
0 0.8784179999999999 0.557617 0.908203 0.557617 0.908203 0.38281200000000004 0.8784179999999999 0.38281200000000004 0.8784179999999999 0.557617
0 0.80127 0.537109 0.8266600000000001 0.537109 0.8266600000000001 0.389648 0.80127 0.389648 0.80127 0.537109
0 0.726074 0.5244139999999999 0.746094 0.5244139999999999 0.746094 0.41113299999999997 0.726074 0.41113299999999997 0.726074 0.5244139999999999
0 0.710938 0.521484 0.728027 0.521484 0.728027 0.404297 0.710938 0.404297 0.710938 0.521484
3 0.5180659999999999 0.498047 0.543457 0.498047 0.543457 0.43652300000000005 0.5180659999999999 0.43652300000000005 0.5180659999999999 0.498047
0 0.786133 0.519531 0.804199 0.519531 0.804199 0.396484 0.786133 0.396484 0.786133 0.519531
0 0.22998 0.428711 0.252441 0.428711 0.252441 0.374023 0.22998 0.374023 0.22998 0.428711
0 0.48877 0.49023399999999995 0.49902300000000005 0.49023399999999995 0.49902300000000005 0.43847699999999995 0.48877 0.43847699999999995 0.48877 0.49023399999999995
0 0.453613 0.487305 0.46337900000000004 0.487305 0.46337900000000004 0.43261700000000003 0.453613 0.43261700000000003 0.453613 0.487305
1 0.37631800000000004 0.632812 0.429102 0.632812 0.429102 0.34873 0.37631800000000004 0.34873 0.37631800000000004 0.632812
0 0.46337900000000004 0.48925799999999997 0.47216800000000003 0.48925799999999997 0.47216800000000003 0.43652300000000005 0.46337900000000004 0.43652300000000005 0.46337900000000004 0.48925799999999997
0 0.769531 0.517578 0.7827149999999999 0.517578 0.7827149999999999 0.402344 0.769531 0.402344 0.769531 0.517578
3 0.512207 0.48925799999999997 0.527344 0.48925799999999997 0.527344 0.441406 0.512207 0.441406 0.512207 0.48925799999999997