3 0.231934 0.333984 0.000977 0.333984 0.000977 0.734375 0.231934 0.734375 0.231934 0.333984
3 0.42431599999999997 0.40136700000000003 0.354004 0.40136700000000003 0.354004 0.520508 0.42431599999999997 0.520508 0.42431599999999997 0.40136700000000003
3 0.662109 0.430664 0.595703 0.430664 0.595703 0.5244139999999999 0.662109 0.5244139999999999 0.662109 0.430664
3 0.317383 0.359375 0.150391 0.359375 0.150391 0.652344 0.317383 0.652344 0.317383 0.359375
3 0.46972699999999995 0.41406200000000004 0.40869099999999997 0.41406200000000004 0.40869099999999997 0.510742 0.46972699999999995 0.510742 0.46972699999999995 0.41406200000000004
3 0.342285 0.390625 0.266113 0.390625 0.266113 0.59375 0.342285 0.59375 0.342285 0.390625
3 0.36718799999999996 0.375 0.29834 0.375 0.29834 0.560547 0.36718799999999996 0.560547 0.36718799999999996 0.375
0 0.682129 0.40722699999999995 0.666016 0.40722699999999995 0.666016 0.46093799999999996 0.682129 0.46093799999999996 0.682129 0.40722699999999995
3 0.516113 0.43847699999999995 0.48925799999999997 0.43847699999999995 0.48925799999999997 0.46777300000000005 0.516113 0.46777300000000005 0.516113 0.43847699999999995
3 0.5400389999999999 0.44238299999999997 0.5141600000000001 0.44238299999999997 0.5141600000000001 0.46972699999999995 0.5400389999999999 0.46972699999999995 0.5400389999999999 0.44238299999999997
3 0.5795899999999999 0.425781 0.557617 0.425781 0.557617 0.472656 0.5795899999999999 0.472656 0.5795899999999999 0.425781
3 0.782227 0.425781 0.651367 0.425781 0.651367 0.609375 0.782227 0.609375 0.782227 0.425781