2 0.102539 0.5693360000000001 0.330566 0.5693360000000001 0.330566 0.358398 0.102539 0.358398 0.102539 0.5693360000000001
2 1 0.40918 0.834473 0.40918 0.834473 0.604492 1 0.604492 1 0.40918
2 0.520996 0.47656200000000004 0.578125 0.47656200000000004 0.578125 0.394531 0.520996 0.394531 0.520996 0.47656200000000004
2 0.69043 0.533203 0.795898 0.533203 0.795898 0.40625 0.69043 0.40625 0.69043 0.533203
2 0.7680659999999999 0.55957 0.886719 0.55957 0.886719 0.40722699999999995 0.7680659999999999 0.40722699999999995 0.7680659999999999 0.55957
2 0.612305 0.48535199999999995 0.662109 0.48535199999999995 0.662109 0.40332 0.612305 0.40332 0.612305 0.48535199999999995
2 0.30127000000000004 0.491211 0.37793 0.491211 0.37793 0.375977 0.30127000000000004 0.375977 0.30127000000000004 0.491211
2 0.298828 0.52832 0.354004 0.52832 0.354004 0.38281200000000004 0.298828 0.38281200000000004 0.298828 0.52832
2 0.355469 0.47168 0.39843799999999996 0.47168 0.39843799999999996 0.385742 0.355469 0.385742 0.355469 0.47168
2 0.8037110000000001 0.5693360000000001 0.882324 0.5693360000000001 0.882324 0.41699200000000003 0.8037110000000001 0.41699200000000003 0.8037110000000001 0.5693360000000001
2 0.657227 0.503906 0.74707 0.503906 0.74707 0.402344 0.657227 0.402344 0.657227 0.503906
2 0.376465 0.46093799999999996 0.41113299999999997 0.46093799999999996 0.41113299999999997 0.375977 0.376465 0.375977 0.376465 0.46093799999999996
2 0.593262 0.46875 0.6381840000000001 0.46875 0.6381840000000001 0.39843799999999996 0.593262 0.39843799999999996 0.593262 0.46875
2 0.47949200000000003 0.428711 0.5068360000000001 0.428711 0.5068360000000001 0.396484 0.47949200000000003 0.396484 0.47949200000000003 0.428711
2 0.43212900000000004 0.45800799999999997 0.47900400000000004 0.45800799999999997 0.47900400000000004 0.384766 0.43212900000000004 0.384766 0.43212900000000004 0.45800799999999997
2 0.353516 0.46386700000000003 0.41162099999999996 0.46386700000000003 0.41162099999999996 0.374023 0.353516 0.374023 0.353516 0.46386700000000003
2 0.5 0.428711 0.52832 0.428711 0.52832 0.393555 0.5 0.393555 0.5 0.428711