2 0.000488 0.907227 0.166992 0.907227 0.166992 0.353516 0.000488 0.353516 0.000488 0.907227
2 0.6831050000000001 0.764648 0.95752 0.764648 0.95752 0.364258 0.6831050000000001 0.364258 0.6831050000000001 0.764648
2 0.8232419999999999 0.957031 0.999023 0.957031 0.999023 0.43457 0.8232419999999999 0.43457 0.8232419999999999 0.957031
2 0.06347699999999999 0.706055 0.297852 0.706055 0.297852 0.364258 0.06347699999999999 0.364258 0.06347699999999999 0.706055
2 0.621094 0.630859 0.740234 0.630859 0.740234 0.402344 0.621094 0.402344 0.621094 0.630859
2 0.255859 0.576172 0.370117 0.576172 0.370117 0.389648 0.255859 0.389648 0.255859 0.576172
2 0.557129 0.541016 0.6650389999999999 0.541016 0.6650389999999999 0.354492 0.557129 0.354492 0.557129 0.541016
2 0.591797 0.579102 0.668457 0.579102 0.668457 0.40332 0.591797 0.40332 0.591797 0.579102
2 0.532227 0.507812 0.5639649999999999 0.507812 0.5639649999999999 0.40527300000000005 0.532227 0.40527300000000005 0.532227 0.507812
2 0.330566 0.53418 0.387695 0.53418 0.387695 0.385742 0.330566 0.385742 0.330566 0.53418
1 0.46582 0.466797 0.5043949999999999 0.466797 0.5043949999999999 0.424805 0.46582 0.424805 0.46582 0.466797
2 0.33154300000000003 0.5224610000000001 0.414551 0.5224610000000001 0.414551 0.362305 0.33154300000000003 0.362305 0.33154300000000003 0.5224610000000001