0 0.7880860000000001 0.547852 0.830078 0.547852 0.830078 0.357422 0.7880860000000001 0.357422 0.7880860000000001 0.547852
2 0.43261700000000003 0.501953 0.503906 0.501953 0.503906 0.37793 0.43261700000000003 0.37793 0.43261700000000003 0.501953
0 1 0.306641 0.960449 0.306641 0.960449 0.579102 1 0.579102 1 0.306641
2 0.843262 0.519531 0.906738 0.519531 0.906738 0.418945 0.843262 0.418945 0.843262 0.519531
0 0.712402 0.52832 0.742188 0.52832 0.742188 0.37207 0.712402 0.37207 0.712402 0.52832
0 0.623047 0.475586 0.643555 0.475586 0.643555 0.391602 0.623047 0.391602 0.623047 0.475586
1 0.6274409999999999 0.48339800000000005 0.6420899999999999 0.48339800000000005 0.6420899999999999 0.425781 0.6274409999999999 0.425781 0.6274409999999999 0.48339800000000005
0 0.659668 0.47851600000000005 0.675781 0.47851600000000005 0.675781 0.397461 0.659668 0.397461 0.659668 0.47851600000000005
3 0.913574 0.56543 0.964844 0.56543 0.964844 0.42968799999999996 0.913574 0.42968799999999996 0.913574 0.56543
1 1 0.493164 0.954102 0.493164 0.954102 0.646484 1 0.646484 1 0.493164
2 0.41650400000000004 0.475586 0.43994099999999997 0.475586 0.43994099999999997 0.391602 0.41650400000000004 0.391602 0.41650400000000004 0.475586
3 0.8876950000000001 0.554688 0.9194340000000001 0.554688 0.9194340000000001 0.43457 0.8876950000000001 0.43457 0.8876950000000001 0.554688
2 0.36718799999999996 0.46289100000000005 0.428711 0.46289100000000005 0.428711 0.383789 0.36718799999999996 0.383789 0.36718799999999996 0.46289100000000005
1 0.715332 0.539062 0.7412110000000001 0.539062 0.7412110000000001 0.430664 0.715332 0.430664 0.715332 0.539062