1 1 0.470703 0.817871 0.470703 0.817871 0.742188 1 0.742188 1 0.470703
0 0.215332 0.557617 0.246582 0.557617 0.246582 0.380859 0.215332 0.380859 0.215332 0.557617
2 0.568848 0.547852 0.684082 0.547852 0.684082 0.42089800000000005 0.568848 0.42089800000000005 0.568848 0.547852
2 0.681152 0.638672 0.8955080000000001 0.638672 0.8955080000000001 0.43164100000000005 0.681152 0.43164100000000005 0.681152 0.638672
2 0.620117 0.610352 0.7358399999999999 0.610352 0.7358399999999999 0.428711 0.620117 0.428711 0.620117 0.610352
2 0.45800799999999997 0.48339800000000005 0.480469 0.48339800000000005 0.480469 0.428711 0.45800799999999997 0.428711 0.45800799999999997 0.48339800000000005
0 0.193848 0.5556639999999999 0.218262 0.5556639999999999 0.218262 0.399414 0.193848 0.399414 0.193848 0.5556639999999999
0 0.43603500000000006 0.501953 0.459961 0.501953 0.459961 0.41406200000000004 0.43603500000000006 0.41406200000000004 0.43603500000000006 0.501953
0 0.33935499999999996 0.507812 0.36084 0.507812 0.36084 0.41210899999999995 0.33935499999999996 0.41210899999999995 0.33935499999999996 0.507812
3 0.425781 0.509766 0.46093799999999996 0.509766 0.46093799999999996 0.45410199999999995 0.425781 0.45410199999999995 0.425781 0.509766
2 0.476074 0.527344 0.5483399999999999 0.527344 0.5483399999999999 0.40136700000000003 0.476074 0.40136700000000003 0.476074 0.527344
0 0.41601600000000005 0.50293 0.433594 0.50293 0.433594 0.424805 0.41601600000000005 0.424805 0.41601600000000005 0.50293