2 0.37939500000000004 0.40136700000000003 0.182617 0.40136700000000003 0.182617 0.652344 0.37939500000000004 0.652344 0.37939500000000004 0.40136700000000003
2 0.737793 0.42089800000000005 0.625 0.42089800000000005 0.625 0.583984 0.737793 0.583984 0.737793 0.42089800000000005
2 0.999512 0.350586 0.804199 0.350586 0.804199 0.882812 0.999512 0.882812 0.999512 0.350586
2 0.399902 0.41210899999999995 0.350098 0.41210899999999995 0.350098 0.578125 0.399902 0.578125 0.399902 0.41210899999999995
2 0.605957 0.42285199999999995 0.5668949999999999 0.42285199999999995 0.5668949999999999 0.512695 0.605957 0.512695 0.605957 0.42285199999999995
2 0.47900400000000004 0.41210899999999995 0.446777 0.41210899999999995 0.446777 0.480469 0.47900400000000004 0.480469 0.47900400000000004 0.41210899999999995
2 0.581055 0.421875 0.5444340000000001 0.421875 0.5444340000000001 0.49902300000000005 0.581055 0.49902300000000005 0.581055 0.421875
2 0.062988 0.47656200000000004 0.000488 0.47656200000000004 0.000488 0.988281 0.062988 0.988281 0.062988 0.47656200000000004
2 0.42773399999999995 0.42089800000000005 0.383301 0.42089800000000005 0.383301 0.539062 0.42773399999999995 0.539062 0.42773399999999995 0.42089800000000005
2 0.6391600000000001 0.425781 0.585938 0.425781 0.585938 0.542969 0.6391600000000001 0.542969 0.6391600000000001 0.425781
2 0.650879 0.42675799999999997 0.605469 0.42675799999999997 0.605469 0.554688 0.650879 0.554688 0.650879 0.42675799999999997
1 0.14355500000000002 0.417969 0.102051 0.417969 0.102051 0.547852 0.14355500000000002 0.547852 0.14355500000000002 0.417969
2 0.46289100000000005 0.424805 0.44043 0.424805 0.44043 0.49511700000000003 0.46289100000000005 0.49511700000000003 0.46289100000000005 0.424805
2 0.446289 0.402344 0.385742 0.402344 0.385742 0.523438 0.446289 0.523438 0.446289 0.402344
2 0.535156 0.43164100000000005 0.521973 0.43164100000000005 0.521973 0.47168 0.535156 0.47168 0.535156 0.43164100000000005
2 0.5537110000000001 0.42675799999999997 0.53418 0.42675799999999997 0.53418 0.480469 0.5537110000000001 0.480469 0.5537110000000001 0.42675799999999997