2 0.999512 0.37793 0.7568360000000001 0.37793 0.7568360000000001 0.744141 0.999512 0.744141 0.999512 0.37793
2 0.398926 0.352539 0.10790999999999999 0.352539 0.10790999999999999 0.748047 0.398926 0.748047 0.398926 0.352539
2 0.68457 0.41210899999999995 0.630859 0.41210899999999995 0.630859 0.523438 0.68457 0.523438 0.68457 0.41210899999999995
2 0.812012 0.391602 0.707031 0.391602 0.707031 0.62793 0.812012 0.62793 0.812012 0.391602
2 0.453125 0.410156 0.358887 0.410156 0.358887 0.572266 0.453125 0.572266 0.453125 0.410156
2 0.733887 0.40039100000000005 0.6650389999999999 0.40039100000000005 0.6650389999999999 0.574219 0.733887 0.574219 0.733887 0.40039100000000005
2 0.475586 0.40918 0.428711 0.40918 0.428711 0.53418 0.475586 0.53418 0.475586 0.40918
2 0.506348 0.413086 0.46093799999999996 0.413086 0.46093799999999996 0.504883 0.506348 0.504883 0.506348 0.413086
2 0.594238 0.395508 0.560547 0.395508 0.560547 0.464844 0.594238 0.464844 0.594238 0.395508
2 0.6049800000000001 0.415039 0.5893550000000001 0.415039 0.5893550000000001 0.45800799999999997 0.6049800000000001 0.45800799999999997 0.6049800000000001 0.415039
2 0.62793 0.417969 0.609863 0.417969 0.609863 0.44726600000000005 0.62793 0.44726600000000005 0.62793 0.417969