2 0.304199 0.41210899999999995 0.06445300000000001 0.41210899999999995 0.06445300000000001 0.6943360000000001 0.304199 0.6943360000000001 0.304199 0.41210899999999995
2 0.9628909999999999 0.395508 0.719727 0.395508 0.719727 0.693359 0.9628909999999999 0.693359 0.9628909999999999 0.395508
2 0.361328 0.418945 0.269531 0.418945 0.269531 0.603516 0.361328 0.603516 0.361328 0.418945
2 0.40283199999999997 0.419922 0.336914 0.419922 0.336914 0.563477 0.40283199999999997 0.563477 0.40283199999999997 0.419922
2 0.632324 0.43164100000000005 0.5756840000000001 0.43164100000000005 0.5756840000000001 0.513672 0.632324 0.513672 0.632324 0.43164100000000005
2 0.746582 0.41601600000000005 0.6860350000000001 0.41601600000000005 0.6860350000000001 0.609375 0.746582 0.609375 0.746582 0.41601600000000005
2 0.421875 0.43652300000000005 0.392578 0.43652300000000005 0.392578 0.525391 0.421875 0.525391 0.421875 0.43652300000000005
2 0.540527 0.44238299999999997 0.49511700000000003 0.44238299999999997 0.49511700000000003 0.477539 0.540527 0.477539 0.540527 0.44238299999999997
2 0.44531200000000004 0.433594 0.40966800000000003 0.433594 0.40966800000000003 0.514648 0.44531200000000004 0.514648 0.44531200000000004 0.433594
2 0.461426 0.433594 0.433594 0.433594 0.433594 0.498047 0.461426 0.498047 0.461426 0.433594
2 0.562988 0.44043 0.537598 0.44043 0.537598 0.477539 0.562988 0.477539 0.562988 0.44043