2 0.695801 0.6943360000000001 0.935547 0.6943360000000001 0.935547 0.41210899999999995 0.695801 0.41210899999999995 0.695801 0.6943360000000001
2 0.037108999999999996 0.693359 0.280273 0.693359 0.280273 0.395508 0.037108999999999996 0.395508 0.037108999999999996 0.693359
2 0.638672 0.603516 0.730469 0.603516 0.730469 0.418945 0.638672 0.418945 0.638672 0.603516
2 0.597168 0.563477 0.6630860000000001 0.563477 0.6630860000000001 0.419922 0.597168 0.419922 0.597168 0.563477
2 0.367676 0.513672 0.42431599999999997 0.513672 0.42431599999999997 0.43164100000000005 0.367676 0.43164100000000005 0.367676 0.513672
2 0.25341800000000003 0.609375 0.313965 0.609375 0.313965 0.41601600000000005 0.25341800000000003 0.41601600000000005 0.25341800000000003 0.609375
2 0.578125 0.525391 0.607422 0.525391 0.607422 0.43652300000000005 0.578125 0.43652300000000005 0.578125 0.525391
2 0.459473 0.477539 0.504883 0.477539 0.504883 0.44238299999999997 0.459473 0.44238299999999997 0.459473 0.477539
2 0.554688 0.514648 0.590332 0.514648 0.590332 0.433594 0.554688 0.433594 0.554688 0.514648
2 0.538574 0.498047 0.566406 0.498047 0.566406 0.433594 0.538574 0.433594 0.538574 0.498047
2 0.437012 0.477539 0.462402 0.477539 0.462402 0.44043 0.437012 0.44043 0.437012 0.477539