2 0.890625 0.655273 0.999512 0.655273 0.999512 0.466797 0.890625 0.466797 0.890625 0.655273
2 0.7255860000000001 0.5625 0.824219 0.5625 0.824219 0.42773399999999995 0.7255860000000001 0.42773399999999995 0.7255860000000001 0.5625
2 0.6831050000000001 0.5244139999999999 0.745117 0.5244139999999999 0.745117 0.417969 0.6831050000000001 0.417969 0.6831050000000001 0.5244139999999999
0 0.17968800000000001 0.486328 0.21044900000000002 0.486328 0.21044900000000002 0.350586 0.17968800000000001 0.350586 0.17968800000000001 0.486328
2 0.45898399999999995 0.47363299999999997 0.49658199999999997 0.47363299999999997 0.49658199999999997 0.413086 0.45898399999999995 0.413086 0.45898399999999995 0.47363299999999997
2 0.592773 0.47363299999999997 0.6181639999999999 0.47363299999999997 0.6181639999999999 0.42675799999999997 0.592773 0.42675799999999997 0.592773 0.47363299999999997
0 0.07910199999999999 0.49218799999999996 0.124023 0.49218799999999996 0.124023 0.291992 0.07910199999999999 0.291992 0.07910199999999999 0.49218799999999996
2 0.496094 0.505859 0.554199 0.505859 0.554199 0.40039100000000005 0.496094 0.40039100000000005 0.496094 0.505859
2 0.5537110000000001 0.464844 0.579102 0.464844 0.579102 0.418945 0.5537110000000001 0.418945 0.5537110000000001 0.464844
0 0.814453 0.5068360000000001 0.832031 0.5068360000000001 0.832031 0.41601600000000005 0.814453 0.41601600000000005 0.814453 0.5068360000000001
1 0.08007800000000001 0.533203 0.11914100000000001 0.533203 0.11914100000000001 0.40722699999999995 0.08007800000000001 0.40722699999999995 0.08007800000000001 0.533203
1 0 0.5087889999999999 0.033202999999999996 0.5087889999999999 0.033202999999999996 0.393555 0 0.393555 0 0.5087889999999999
2 0.612305 0.48535199999999995 0.644531 0.48535199999999995 0.644531 0.41113299999999997 0.612305 0.41113299999999997 0.612305 0.48535199999999995
0 0.302734 0.484375 0.32031200000000004 0.484375 0.32031200000000004 0.384766 0.302734 0.384766 0.302734 0.484375
1 0.847656 0.554688 0.878906 0.554688 0.878906 0.475586 0.847656 0.475586 0.847656 0.554688
2 0.6494139999999999 0.50293 0.7016600000000001 0.50293 0.7016600000000001 0.408203 0.6494139999999999 0.408203 0.6494139999999999 0.50293
2 0.636719 0.491211 0.654297 0.491211 0.654297 0.424805 0.636719 0.424805 0.636719 0.491211