2 0 0.699219 0.17578100000000002 0.699219 0.17578100000000002 0.371094 0 0.371094 0 0.699219
2 0.540527 0.503906 0.599121 0.503906 0.599121 0.41113299999999997 0.540527 0.41113299999999997 0.540527 0.503906
2 0.666016 0.661133 0.863281 0.661133 0.863281 0.41113299999999997 0.666016 0.41113299999999997 0.666016 0.661133
2 1 0.44531200000000004 0.9204100000000001 0.44531200000000004 0.9204100000000001 0.648438 1 0.648438 1 0.44531200000000004
2 0.44043 0.48339800000000005 0.47949200000000003 0.48339800000000005 0.47949200000000003 0.418945 0.44043 0.418945 0.44043 0.48339800000000005
2 0.261719 0.542969 0.353027 0.542969 0.353027 0.394531 0.261719 0.394531 0.261719 0.542969
2 0.36279300000000003 0.484375 0.40283199999999997 0.484375 0.40283199999999997 0.41601600000000005 0.36279300000000003 0.41601600000000005 0.36279300000000003 0.484375
2 0.516113 0.466797 0.5512699999999999 0.466797 0.5512699999999999 0.415039 0.516113 0.415039 0.516113 0.466797
2 0.5952149999999999 0.47363299999999997 0.6274409999999999 0.47363299999999997 0.6274409999999999 0.433594 0.5952149999999999 0.433594 0.5952149999999999 0.47363299999999997
2 0.637207 0.503906 0.682129 0.503906 0.682129 0.43261700000000003 0.637207 0.43261700000000003 0.637207 0.503906
2 0.493652 0.45410199999999995 0.516602 0.45410199999999995 0.516602 0.42285199999999995 0.493652 0.42285199999999995 0.493652 0.45410199999999995
2 0.40527300000000005 0.459961 0.437012 0.459961 0.437012 0.417969 0.40527300000000005 0.417969 0.40527300000000005 0.459961
2 0.234863 0.44824200000000003 0.27343799999999996 0.44824200000000003 0.27343799999999996 0.395508 0.234863 0.395508 0.234863 0.44824200000000003