2 0.316406 0.370117 0.010254000000000001 0.370117 0.010254000000000001 0.560547 0.316406 0.560547 0.316406 0.370117
2 0.999512 0.292969 0.8608399999999999 0.292969 0.8608399999999999 0.890625 0.999512 0.890625 0.999512 0.292969
1 0.21581999999999998 0.42285199999999995 0.098633 0.42285199999999995 0.098633 0.5869139999999999 0.21581999999999998 0.5869139999999999 0.21581999999999998 0.42285199999999995
2 0.662598 0.396484 0.574707 0.396484 0.574707 0.530273 0.662598 0.530273 0.662598 0.396484
0 0.53125 0.325195 0.493164 0.325195 0.493164 0.567383 0.53125 0.567383 0.53125 0.325195
0 0.460449 0.325195 0.415527 0.325195 0.415527 0.5537110000000001 0.460449 0.5537110000000001 0.460449 0.325195
2 0.583496 0.40918 0.549805 0.40918 0.549805 0.484375 0.583496 0.484375 0.583496 0.40918
1 0.9150389999999999 0.40722699999999995 0.8422850000000001 0.40722699999999995 0.8422850000000001 0.5400389999999999 0.9150389999999999 0.5400389999999999 0.9150389999999999 0.40722699999999995
1 0.45752 0.42089800000000005 0.41845699999999997 0.42089800000000005 0.41845699999999997 0.573242 0.45752 0.573242 0.45752 0.42089800000000005
1 0.7880860000000001 0.42089800000000005 0.769531 0.42089800000000005 0.769531 0.532227 0.7880860000000001 0.532227 0.7880860000000001 0.42089800000000005
2 0.482422 0.40722699999999995 0.459473 0.40722699999999995 0.459473 0.46582 0.482422 0.46582 0.482422 0.40722699999999995
1 0.7641600000000001 0.42675799999999997 0.737793 0.42675799999999997 0.737793 0.527344 0.7641600000000001 0.527344 0.7641600000000001 0.42675799999999997
1 0.7880860000000001 0.417969 0.759766 0.417969 0.759766 0.53125 0.7880860000000001 0.53125 0.7880860000000001 0.417969
2 0.551758 0.41210899999999995 0.530273 0.41210899999999995 0.530273 0.455078 0.551758 0.455078 0.551758 0.41210899999999995