2 0.683594 0.560547 0.989746 0.560547 0.989746 0.370117 0.683594 0.370117 0.683594 0.560547
2 0.000488 0.890625 0.13916 0.890625 0.13916 0.292969 0.000488 0.292969 0.000488 0.890625
1 0.78418 0.5869139999999999 0.9013669999999999 0.5869139999999999 0.9013669999999999 0.42285199999999995 0.78418 0.42285199999999995 0.78418 0.5869139999999999
2 0.337402 0.530273 0.42529300000000003 0.530273 0.42529300000000003 0.396484 0.337402 0.396484 0.337402 0.530273
0 0.46875 0.567383 0.5068360000000001 0.567383 0.5068360000000001 0.325195 0.46875 0.325195 0.46875 0.567383
0 0.539551 0.5537110000000001 0.584473 0.5537110000000001 0.584473 0.325195 0.539551 0.325195 0.539551 0.5537110000000001
2 0.41650400000000004 0.484375 0.450195 0.484375 0.450195 0.40918 0.41650400000000004 0.40918 0.41650400000000004 0.484375
1 0.084961 0.5400389999999999 0.157715 0.5400389999999999 0.157715 0.40722699999999995 0.084961 0.40722699999999995 0.084961 0.5400389999999999
1 0.5424800000000001 0.573242 0.581543 0.573242 0.581543 0.42089800000000005 0.5424800000000001 0.42089800000000005 0.5424800000000001 0.573242
1 0.211914 0.532227 0.23046899999999998 0.532227 0.23046899999999998 0.42089800000000005 0.211914 0.42089800000000005 0.211914 0.532227
2 0.517578 0.46582 0.540527 0.46582 0.540527 0.40722699999999995 0.517578 0.40722699999999995 0.517578 0.46582
1 0.23584 0.527344 0.26220699999999997 0.527344 0.26220699999999997 0.42675799999999997 0.23584 0.42675799999999997 0.23584 0.527344
1 0.211914 0.53125 0.240234 0.53125 0.240234 0.417969 0.211914 0.417969 0.211914 0.53125
2 0.44824200000000003 0.455078 0.46972699999999995 0.455078 0.46972699999999995 0.41210899999999995 0.44824200000000003 0.41210899999999995 0.44824200000000003 0.455078