2 0.256348 0.341797 0.000977 0.341797 0.000977 0.9873049999999999 0.256348 0.9873049999999999 0.256348 0.341797
2 0.419922 0.380859 0.28564500000000004 0.380859 0.28564500000000004 0.6005860000000001 0.419922 0.6005860000000001 0.419922 0.380859
2 0.6806639999999999 0.385742 0.604492 0.385742 0.604492 0.580078 0.6806639999999999 0.580078 0.6806639999999999 0.385742
2 0.999512 0.192383 0.736328 0.192383 0.736328 0.8681639999999999 0.999512 0.8681639999999999 0.999512 0.192383
2 0.776367 0.348633 0.645996 0.348633 0.645996 0.662109 0.776367 0.662109 0.776367 0.348633
1 0.223145 0.41406200000000004 0.166992 0.41406200000000004 0.166992 0.556641 0.223145 0.556641 0.223145 0.41406200000000004
2 0.44335899999999995 0.40722699999999995 0.399414 0.40722699999999995 0.399414 0.527344 0.44335899999999995 0.527344 0.44335899999999995 0.40722699999999995
0 0.493164 0.388672 0.475098 0.388672 0.475098 0.486328 0.493164 0.486328 0.493164 0.388672
2 0.604004 0.40332 0.549805 0.40332 0.549805 0.507812 0.604004 0.507812 0.604004 0.40332
2 0.46777300000000005 0.410156 0.4375 0.410156 0.4375 0.48925799999999997 0.46777300000000005 0.48925799999999997 0.46777300000000005 0.410156
2 0.56543 0.40136700000000003 0.536621 0.40136700000000003 0.536621 0.488281 0.56543 0.488281 0.56543 0.40136700000000003
2 0.620117 0.40527300000000005 0.5805659999999999 0.40527300000000005 0.5805659999999999 0.527344 0.620117 0.527344 0.620117 0.40527300000000005
2 0.551758 0.402344 0.5327149999999999 0.402344 0.5327149999999999 0.47460899999999995 0.551758 0.47460899999999995 0.551758 0.402344
2 0.536133 0.402344 0.518555 0.402344 0.518555 0.44726600000000005 0.536133 0.44726600000000005 0.536133 0.402344
2 0.459473 0.410156 0.43408199999999997 0.410156 0.43408199999999997 0.49511700000000003 0.459473 0.49511700000000003 0.459473 0.410156
2 0.5454100000000001 0.40527300000000005 0.529297 0.40527300000000005 0.529297 0.453125 0.5454100000000001 0.453125 0.5454100000000001 0.40527300000000005