2 0.000488 0.673828 0.26904300000000003 0.673828 0.26904300000000003 0.373047 0.000488 0.373047 0.000488 0.673828
2 0.215332 0.577148 0.327148 0.577148 0.327148 0.384766 0.215332 0.384766 0.215332 0.577148
2 0.285156 0.535156 0.364258 0.535156 0.364258 0.380859 0.285156 0.380859 0.285156 0.535156
2 0.708008 0.53125 0.7768550000000001 0.53125 0.7768550000000001 0.421875 0.708008 0.421875 0.708008 0.53125
7 0.405762 0.47656200000000004 0.46777300000000005 0.47656200000000004 0.46777300000000005 0.339844 0.405762 0.339844 0.405762 0.47656200000000004
2 0.675781 0.510742 0.733887 0.510742 0.733887 0.402344 0.675781 0.402344 0.675781 0.510742
2 0.5068360000000001 0.47460899999999995 0.5512699999999999 0.47460899999999995 0.5512699999999999 0.392578 0.5068360000000001 0.392578 0.5068360000000001 0.47460899999999995
1 0.953125 0.604492 0.9975590000000001 0.604492 0.9975590000000001 0.453125 0.953125 0.453125 0.953125 0.604492
1 0.8872070000000001 0.5556639999999999 0.9360350000000001 0.5556639999999999 0.9360350000000001 0.44726600000000005 0.8872070000000001 0.44726600000000005 0.8872070000000001 0.5556639999999999
7 0.461426 0.46777300000000005 0.500977 0.46777300000000005 0.500977 0.364258 0.461426 0.364258 0.461426 0.46777300000000005
2 0.6108399999999999 0.456055 0.626953 0.456055 0.626953 0.417969 0.6108399999999999 0.417969 0.6108399999999999 0.456055