2 0.242188 0.415039 0.052734 0.415039 0.052734 0.634766 0.242188 0.634766 0.242188 0.415039
2 0 0.697266 0.06103499999999999 0.697266 0.06103499999999999 0.40722699999999995 0 0.40722699999999995 0 0.697266
2 0.31591800000000003 0.399414 0.21386699999999997 0.399414 0.21386699999999997 0.570312 0.31591800000000003 0.570312 0.31591800000000003 0.399414
2 0.557617 0.410156 0.517578 0.410156 0.517578 0.481445 0.557617 0.481445 0.557617 0.410156
2 0.376465 0.389648 0.297363 0.389648 0.297363 0.533203 0.376465 0.533203 0.376465 0.389648
0 0.699219 0.381836 0.6787110000000001 0.381836 0.6787110000000001 0.48925799999999997 0.699219 0.48925799999999997 0.699219 0.381836
2 0.404297 0.40918 0.368164 0.40918 0.368164 0.510742 0.404297 0.510742 0.404297 0.40918
2 0.101562 0.42285199999999995 0.02832 0.42285199999999995 0.02832 0.507812 0.101562 0.507812 0.101562 0.42285199999999995
2 0.47021499999999994 0.410156 0.446777 0.410156 0.446777 0.46582 0.47021499999999994 0.46582 0.47021499999999994 0.410156
2 0.421387 0.415039 0.395508 0.415039 0.395508 0.491211 0.421387 0.491211 0.421387 0.415039
2 0.621094 0.42089800000000005 0.599121 0.42089800000000005 0.599121 0.45214800000000005 0.621094 0.45214800000000005 0.621094 0.42089800000000005
2 0.47851600000000005 0.40625 0.449219 0.40625 0.449219 0.45800799999999997 0.47851600000000005 0.45800799999999997 0.47851600000000005 0.40625
1 0.782227 0.435547 0.757812 0.435547 0.757812 0.511719 0.782227 0.511719 0.782227 0.435547
7 0.44970699999999997 0.378906 0.396484 0.378906 0.396484 0.482422 0.44970699999999997 0.482422 0.44970699999999997 0.378906