0 0.525879 0.533203 0.557617 0.533203 0.557617 0.40136700000000003 0.525879 0.40136700000000003 0.525879 0.533203
2 0.375488 0.46289100000000005 0.396484 0.46289100000000005 0.396484 0.43164100000000005 0.375488 0.43164100000000005 0.375488 0.46289100000000005
2 0.459961 0.480469 0.480469 0.480469 0.480469 0.42968799999999996 0.459961 0.42968799999999996 0.459961 0.480469
2 0 0.503906 0.029785 0.503906 0.029785 0.383789 0 0.383789 0 0.503906
2 0.41650400000000004 0.46582 0.43994099999999997 0.46582 0.43994099999999997 0.424805 0.41650400000000004 0.424805 0.41650400000000004 0.46582
2 0.43603500000000006 0.47168 0.460449 0.47168 0.460449 0.42773399999999995 0.43603500000000006 0.42773399999999995 0.43603500000000006 0.47168
7 0.000977 0.512695 0.14355500000000002 0.512695 0.14355500000000002 0.355469 0.000977 0.355469 0.000977 0.512695
2 0.337891 0.45410199999999995 0.35497999999999996 0.45410199999999995 0.35497999999999996 0.42089800000000005 0.337891 0.42089800000000005 0.337891 0.45410199999999995
2 0.356445 0.453125 0.372559 0.453125 0.372559 0.42968799999999996 0.356445 0.42968799999999996 0.356445 0.453125
2 0.48153300000000004 0.480117 0.514204 0.480117 0.514204 0.427559 0.48153300000000004 0.427559 0.48153300000000004 0.480117
2 0.306108 0.464492 0.33593799999999996 0.464492 0.33593799999999996 0.411934 0.306108 0.411934 0.306108 0.464492