2 0.367676 0.42285199999999995 0.281738 0.42285199999999995 0.281738 0.49023399999999995 0.367676 0.49023399999999995 0.367676 0.42285199999999995
2 0.5200199999999999 0.404297 0.444336 0.404297 0.444336 0.5068360000000001 0.5200199999999999 0.5068360000000001 0.5200199999999999 0.404297
2 0.441406 0.410156 0.36377000000000004 0.410156 0.36377000000000004 0.501953 0.441406 0.501953 0.441406 0.410156
1 0.8076169999999999 0.41210899999999995 0.7299800000000001 0.41210899999999995 0.7299800000000001 0.507812 0.8076169999999999 0.507812 0.8076169999999999 0.41210899999999995
0 0.555176 0.358398 0.526367 0.358398 0.526367 0.496094 0.555176 0.496094 0.555176 0.358398
2 0.6264649999999999 0.399414 0.587402 0.399414 0.587402 0.48535199999999995 0.6264649999999999 0.48535199999999995 0.6264649999999999 0.399414
2 0.12353499999999999 0.42089800000000005 0.067871 0.42089800000000005 0.067871 0.49511700000000003 0.12353499999999999 0.49511700000000003 0.12353499999999999 0.42089800000000005
0 0.780273 0.361328 0.7514649999999999 0.361328 0.7514649999999999 0.5 0.780273 0.5 0.780273 0.361328
2 0.593262 0.386719 0.547363 0.386719 0.547363 0.486328 0.593262 0.486328 0.593262 0.386719
2 0.648438 0.41113299999999997 0.626953 0.41113299999999997 0.626953 0.47460899999999995 0.648438 0.47460899999999995 0.648438 0.41113299999999997
2 0.536621 0.40722699999999995 0.508301 0.40722699999999995 0.508301 0.48535199999999995 0.536621 0.48535199999999995 0.536621 0.40722699999999995
1 0.568359 0.43164100000000005 0.5297850000000001 0.43164100000000005 0.5297850000000001 0.510742 0.568359 0.510742 0.568359 0.43164100000000005