2 0.632324 0.49023399999999995 0.718262 0.49023399999999995 0.718262 0.42285199999999995 0.632324 0.42285199999999995 0.632324 0.49023399999999995
2 0.47998 0.5068360000000001 0.5556639999999999 0.5068360000000001 0.5556639999999999 0.404297 0.47998 0.404297 0.47998 0.5068360000000001
2 0.558594 0.501953 0.6362300000000001 0.501953 0.6362300000000001 0.410156 0.558594 0.410156 0.558594 0.501953
1 0.192383 0.507812 0.27002000000000004 0.507812 0.27002000000000004 0.41210899999999995 0.192383 0.41210899999999995 0.192383 0.507812
0 0.444824 0.496094 0.47363299999999997 0.496094 0.47363299999999997 0.358398 0.444824 0.358398 0.444824 0.496094
2 0.373535 0.48535199999999995 0.412598 0.48535199999999995 0.412598 0.399414 0.373535 0.399414 0.373535 0.48535199999999995
2 0.8764649999999999 0.49511700000000003 0.932129 0.49511700000000003 0.932129 0.42089800000000005 0.8764649999999999 0.42089800000000005 0.8764649999999999 0.49511700000000003
0 0.219727 0.5 0.248535 0.5 0.248535 0.361328 0.219727 0.361328 0.219727 0.5
2 0.406738 0.486328 0.452637 0.486328 0.452637 0.386719 0.406738 0.386719 0.406738 0.486328
2 0.35156200000000004 0.47460899999999995 0.373047 0.47460899999999995 0.373047 0.41113299999999997 0.35156200000000004 0.41113299999999997 0.35156200000000004 0.47460899999999995
2 0.46337900000000004 0.48535199999999995 0.491699 0.48535199999999995 0.491699 0.40722699999999995 0.46337900000000004 0.40722699999999995 0.46337900000000004 0.48535199999999995
1 0.43164100000000005 0.510742 0.47021499999999994 0.510742 0.47021499999999994 0.43164100000000005 0.43164100000000005 0.43164100000000005 0.43164100000000005 0.510742