2 0.304199 0.512695 0.380371 0.512695 0.380371 0.39843799999999996 0.304199 0.39843799999999996 0.304199 0.512695
0 0.628418 0.541016 0.656738 0.541016 0.656738 0.37793 0.628418 0.37793 0.628418 0.541016
0 0.49707 0.480469 0.5131840000000001 0.480469 0.5131840000000001 0.40039100000000005 0.49707 0.40039100000000005 0.49707 0.480469
0 0.552734 0.477539 0.568848 0.477539 0.568848 0.404297 0.552734 0.404297 0.552734 0.477539
1 0.632324 0.557617 0.655273 0.557617 0.655273 0.44238299999999997 0.632324 0.44238299999999997 0.632324 0.557617
0 0.47949200000000003 0.47168 0.491211 0.47168 0.491211 0.40039100000000005 0.47949200000000003 0.40039100000000005 0.47949200000000003 0.47168
0 0.43994099999999997 0.46972699999999995 0.451172 0.46972699999999995 0.451172 0.39843799999999996 0.43994099999999997 0.39843799999999996 0.43994099999999997 0.46972699999999995
1 0.839355 0.49902300000000005 0.891602 0.49902300000000005 0.891602 0.425781 0.839355 0.425781 0.839355 0.49902300000000005
0 0.385742 0.46386700000000003 0.398926 0.46386700000000003 0.398926 0.394531 0.385742 0.394531 0.385742 0.46386700000000003
0 0.40771499999999994 0.470703 0.419922 0.470703 0.419922 0.40722699999999995 0.40771499999999994 0.40722699999999995 0.40771499999999994 0.470703
0 0.483887 0.47656200000000004 0.49707 0.47656200000000004 0.49707 0.40039100000000005 0.483887 0.40039100000000005 0.483887 0.47656200000000004
0 0.8422850000000001 0.487305 0.86377 0.487305 0.86377 0.40722699999999995 0.8422850000000001 0.40722699999999995 0.8422850000000001 0.487305
1 0.5537110000000001 0.477539 0.569824 0.477539 0.569824 0.43261700000000003 0.5537110000000001 0.43261700000000003 0.5537110000000001 0.477539