0 0.574219 0.577148 0.614258 0.577148 0.614258 0.331055 0.574219 0.331055 0.574219 0.577148
1 0.755859 0.6962889999999999 0.8408200000000001 0.6962889999999999 0.8408200000000001 0.366211 0.755859 0.366211 0.755859 0.6962889999999999
0 0.330566 0.552734 0.365234 0.552734 0.365234 0.350586 0.330566 0.350586 0.330566 0.552734
0 0.5200199999999999 0.575195 0.557617 0.575195 0.557617 0.341797 0.5200199999999999 0.341797 0.5200199999999999 0.575195
0 0.28418 0.5537110000000001 0.32666 0.5537110000000001 0.32666 0.362305 0.28418 0.362305 0.28418 0.5537110000000001
0 0.01123 0.5244139999999999 0.027832000000000003 0.5244139999999999 0.027832000000000003 0.41601600000000005 0.01123 0.41601600000000005 0.01123 0.5244139999999999
1 0.687012 0.552734 0.770996 0.552734 0.770996 0.39843799999999996 0.687012 0.39843799999999996 0.687012 0.552734
0 0.12890600000000002 0.5244139999999999 0.161133 0.5244139999999999 0.161133 0.376953 0.12890600000000002 0.376953 0.12890600000000002 0.5244139999999999
1 0.108887 0.548828 0.147949 0.548828 0.147949 0.43457 0.108887 0.43457 0.108887 0.548828
0 0.540527 0.517578 0.5649409999999999 0.517578 0.5649409999999999 0.324219 0.540527 0.324219 0.540527 0.517578
0 0.020996 0.527344 0.041504 0.527344 0.041504 0.397461 0.020996 0.397461 0.020996 0.527344