0 0.8471679999999999 0.481445 0.8715820000000001 0.481445 0.8715820000000001 0.375977 0.8471679999999999 0.375977 0.8471679999999999 0.481445
0 0.5922850000000001 0.669922 0.679199 0.669922 0.679199 0.263672 0.5922850000000001 0.263672 0.5922850000000001 0.669922
0 0.223145 0.601562 0.272461 0.601562 0.272461 0.333008 0.223145 0.333008 0.223145 0.601562
0 0.140625 0.625977 0.190918 0.625977 0.190918 0.32031200000000004 0.140625 0.32031200000000004 0.140625 0.625977
0 0.42089800000000005 0.5380860000000001 0.453613 0.5380860000000001 0.453613 0.362305 0.42089800000000005 0.362305 0.42089800000000005 0.5380860000000001
0 0.184082 0.589844 0.222168 0.589844 0.222168 0.352539 0.184082 0.352539 0.184082 0.589844
0 0.311523 0.52832 0.335449 0.52832 0.335449 0.389648 0.311523 0.389648 0.311523 0.52832
1 0.608887 0.754883 0.680176 0.754883 0.680176 0.455078 0.608887 0.455078 0.608887 0.754883
0 0.482422 0.49707 0.5 0.49707 0.5 0.389648 0.482422 0.389648 0.482422 0.49707
0 0.566406 0.496094 0.588379 0.496094 0.588379 0.386719 0.566406 0.386719 0.566406 0.496094
0 0.28906200000000004 0.511719 0.310547 0.511719 0.310547 0.386719 0.28906200000000004 0.386719 0.28906200000000004 0.511719
0 0.534668 0.49218799999999996 0.552734 0.49218799999999996 0.552734 0.383789 0.534668 0.383789 0.534668 0.49218799999999996
0 0.503418 0.5 0.519043 0.5 0.519043 0.40039100000000005 0.503418 0.40039100000000005 0.503418 0.5
0 0.277344 0.510742 0.294434 0.510742 0.294434 0.389648 0.277344 0.389648 0.277344 0.510742
0 0.35497999999999996 0.500977 0.373535 0.500977 0.373535 0.397461 0.35497999999999996 0.397461 0.35497999999999996 0.500977
1 0.816895 0.516602 0.8486330000000001 0.516602 0.8486330000000001 0.428711 0.816895 0.428711 0.816895 0.516602