0 0.771973 0.329102 0.729004 0.329102 0.729004 0.5849610000000001 0.771973 0.5849610000000001 0.771973 0.329102
0 0.13916 0.357422 0.09814500000000001 0.357422 0.09814500000000001 0.554688 0.13916 0.554688 0.13916 0.357422
0 0.7319340000000001 0.357422 0.706543 0.357422 0.706543 0.561523 0.7319340000000001 0.561523 0.7319340000000001 0.357422
0 0.5693360000000001 0.388672 0.554199 0.388672 0.554199 0.477539 0.5693360000000001 0.477539 0.5693360000000001 0.388672
0 0.632324 0.371094 0.612305 0.371094 0.612305 0.493164 0.632324 0.493164 0.632324 0.371094
0 0.849121 0.347656 0.8149409999999999 0.347656 0.8149409999999999 0.477539 0.849121 0.477539 0.849121 0.347656
0 0.599609 0.388672 0.583984 0.388672 0.583984 0.475586 0.599609 0.475586 0.599609 0.388672
0 0.521484 0.374023 0.5024409999999999 0.374023 0.5024409999999999 0.477539 0.521484 0.477539 0.521484 0.374023
0 0.582031 0.393555 0.567871 0.393555 0.567871 0.47656200000000004 0.582031 0.47656200000000004 0.582031 0.393555
1 0.159668 0.43164100000000005 0.08203099999999999 0.43164100000000005 0.08203099999999999 0.537109 0.159668 0.537109 0.159668 0.43164100000000005
0 0.42285199999999995 0.383789 0.406738 0.383789 0.406738 0.46972699999999995 0.42285199999999995 0.46972699999999995 0.42285199999999995 0.383789
0 0.9277340000000001 0.360352 0.899902 0.360352 0.899902 0.433594 0.9277340000000001 0.433594 0.9277340000000001 0.360352