0 0.22802699999999998 0.5849610000000001 0.270996 0.5849610000000001 0.270996 0.329102 0.22802699999999998 0.329102 0.22802699999999998 0.5849610000000001
0 0.8608399999999999 0.554688 0.901855 0.554688 0.901855 0.357422 0.8608399999999999 0.357422 0.8608399999999999 0.554688
0 0.268066 0.561523 0.29345699999999997 0.561523 0.29345699999999997 0.357422 0.268066 0.357422 0.268066 0.561523
0 0.430664 0.477539 0.445801 0.477539 0.445801 0.388672 0.430664 0.388672 0.430664 0.477539
0 0.367676 0.493164 0.387695 0.493164 0.387695 0.371094 0.367676 0.371094 0.367676 0.493164
0 0.150879 0.477539 0.185059 0.477539 0.185059 0.347656 0.150879 0.347656 0.150879 0.477539
0 0.40039100000000005 0.475586 0.41601600000000005 0.475586 0.41601600000000005 0.388672 0.40039100000000005 0.388672 0.40039100000000005 0.475586
0 0.47851600000000005 0.477539 0.49755900000000003 0.477539 0.49755900000000003 0.374023 0.47851600000000005 0.374023 0.47851600000000005 0.477539
0 0.417969 0.47656200000000004 0.43212900000000004 0.47656200000000004 0.43212900000000004 0.393555 0.417969 0.393555 0.417969 0.47656200000000004
1 0.8403320000000001 0.537109 0.917969 0.537109 0.917969 0.43164100000000005 0.8403320000000001 0.43164100000000005 0.8403320000000001 0.537109
0 0.577148 0.46972699999999995 0.593262 0.46972699999999995 0.593262 0.383789 0.577148 0.383789 0.577148 0.46972699999999995
0 0.072266 0.433594 0.10009799999999999 0.433594 0.10009799999999999 0.360352 0.072266 0.360352 0.072266 0.433594