0 0.972656 0.319336 0.933594 0.319336 0.933594 0.566406 0.972656 0.566406 0.972656 0.319336
1 0.8559570000000001 0.42773399999999995 0.791992 0.42773399999999995 0.791992 0.660156 0.8559570000000001 0.660156 0.8559570000000001 0.42773399999999995
0 0.6586909999999999 0.359375 0.624023 0.359375 0.624023 0.525391 0.6586909999999999 0.525391 0.6586909999999999 0.359375
0 0.514648 0.368164 0.484863 0.368164 0.484863 0.5224610000000001 0.514648 0.5224610000000001 0.514648 0.368164
0 0.609375 0.366211 0.5805659999999999 0.366211 0.5805659999999999 0.523438 0.609375 0.523438 0.609375 0.366211
0 0.484375 0.368164 0.46093799999999996 0.368164 0.46093799999999996 0.519531 0.484375 0.519531 0.484375 0.368164
0 0.676758 0.356445 0.650391 0.356445 0.650391 0.520508 0.676758 0.520508 0.676758 0.356445
0 0.585449 0.352539 0.5625 0.352539 0.5625 0.516602 0.585449 0.516602 0.585449 0.352539
0 0.45166000000000006 0.36718799999999996 0.42675799999999997 0.36718799999999996 0.42675799999999997 0.517578 0.45166000000000006 0.517578 0.45166000000000006 0.36718799999999996
0 0.551758 0.385742 0.52832 0.385742 0.52832 0.520508 0.551758 0.520508 0.551758 0.385742
1 1 0.482422 0.9565429999999999 0.482422 0.9565429999999999 0.710938 1 0.710938 1 0.482422
1 0.770996 0.399414 0.7329100000000001 0.399414 0.7329100000000001 0.533203 0.770996 0.533203 0.770996 0.399414
1 0.04834 0.419922 0.0019529999999999999 0.419922 0.0019529999999999999 0.5693360000000001 0.04834 0.5693360000000001 0.04834 0.419922
0 0.307129 0.413086 0.294434 0.413086 0.294434 0.481445 0.307129 0.481445 0.307129 0.413086