2 0.680176 0.740234 0.8872070000000001 0.740234 0.8872070000000001 0.376953 0.680176 0.376953 0.680176 0.740234
2 0.574219 0.567383 0.6704100000000001 0.567383 0.6704100000000001 0.40039100000000005 0.574219 0.40039100000000005 0.574219 0.567383
2 0.632812 0.625977 0.746094 0.625977 0.746094 0.40039100000000005 0.632812 0.40039100000000005 0.632812 0.625977
2 0.839355 0.9794919999999999 0.999512 0.9794919999999999 0.999512 0.087891 0.839355 0.087891 0.839355 0.9794919999999999
0 0.325195 0.551758 0.358887 0.551758 0.358887 0.358398 0.325195 0.358398 0.325195 0.551758
0 0.28906200000000004 0.549805 0.32470699999999997 0.549805 0.32470699999999997 0.376953 0.28906200000000004 0.376953 0.28906200000000004 0.549805
0 0.40087900000000004 0.487305 0.415039 0.487305 0.415039 0.386719 0.40087900000000004 0.386719 0.40087900000000004 0.487305
2 0.424805 0.439453 0.45068400000000003 0.439453 0.45068400000000003 0.402344 0.424805 0.402344 0.424805 0.439453
0 0.363281 0.47851600000000005 0.378906 0.47851600000000005 0.378906 0.374023 0.363281 0.374023 0.363281 0.47851600000000005
0 0.381348 0.49414100000000005 0.40039100000000005 0.49414100000000005 0.40039100000000005 0.380859 0.381348 0.380859 0.381348 0.49414100000000005
2 0.46875 0.45214800000000005 0.503418 0.45214800000000005 0.503418 0.391602 0.46875 0.391602 0.46875 0.45214800000000005
2 0.547363 0.513672 0.5913090000000001 0.513672 0.5913090000000001 0.41406200000000004 0.547363 0.41406200000000004 0.547363 0.513672
2 0.5327149999999999 0.49902300000000005 0.55957 0.49902300000000005 0.55957 0.413086 0.5327149999999999 0.413086 0.5327149999999999 0.49902300000000005
2 0.5356449999999999 0.504883 0.5712889999999999 0.504883 0.5712889999999999 0.413086 0.5356449999999999 0.413086 0.5356449999999999 0.504883
2 0.45068400000000003 0.444336 0.46972699999999995 0.444336 0.46972699999999995 0.40136700000000003 0.45068400000000003 0.40136700000000003 0.45068400000000003 0.444336