2 0.525391 0.396484 0.384277 0.396484 0.384277 0.487305 0.525391 0.487305 0.525391 0.396484
0 0.74707 0.332031 0.7006840000000001 0.332031 0.7006840000000001 0.543945 0.74707 0.543945 0.74707 0.332031
0 0.265625 0.386719 0.24462899999999999 0.386719 0.24462899999999999 0.493164 0.265625 0.493164 0.265625 0.386719
7 1 0.185547 0.9033200000000001 0.185547 0.9033200000000001 0.8701169999999999 1 0.8701169999999999 1 0.185547
0 0.313477 0.389648 0.297852 0.389648 0.297852 0.475586 0.313477 0.475586 0.313477 0.389648
0 0.911621 0.40136700000000003 0.8798830000000001 0.40136700000000003 0.8798830000000001 0.537109 0.911621 0.537109 0.911621 0.40136700000000003
0 0.382324 0.384766 0.362305 0.384766 0.362305 0.47851600000000005 0.382324 0.47851600000000005 0.382324 0.384766
0 0.34668 0.376953 0.334473 0.376953 0.334473 0.459961 0.34668 0.459961 0.34668 0.376953
2 0.299316 0.40625 0.258789 0.40625 0.258789 0.46777300000000005 0.299316 0.46777300000000005 0.299316 0.40625
1 0.7358399999999999 0.46289100000000005 0.7075199999999999 0.46289100000000005 0.7075199999999999 0.581055 0.7358399999999999 0.581055 0.7358399999999999 0.46289100000000005
0 0.916504 0.361328 0.885254 0.361328 0.885254 0.520508 0.916504 0.520508 0.916504 0.361328
0 0.399414 0.383789 0.383789 0.383789 0.383789 0.4375 0.399414 0.4375 0.399414 0.383789
1 0.8266600000000001 0.410156 0.8002929999999999 0.410156 0.8002929999999999 0.472656 0.8266600000000001 0.472656 0.8266600000000001 0.410156