2 0.47460899999999995 0.487305 0.615723 0.487305 0.615723 0.396484 0.47460899999999995 0.396484 0.47460899999999995 0.487305
0 0.25293 0.543945 0.299316 0.543945 0.299316 0.332031 0.25293 0.332031 0.25293 0.543945
0 0.734375 0.493164 0.755371 0.493164 0.755371 0.386719 0.734375 0.386719 0.734375 0.493164
7 0 0.8701169999999999 0.09668 0.8701169999999999 0.09668 0.185547 0 0.185547 0 0.8701169999999999
0 0.686523 0.475586 0.702148 0.475586 0.702148 0.389648 0.686523 0.389648 0.686523 0.475586
0 0.088379 0.537109 0.120117 0.537109 0.120117 0.40136700000000003 0.088379 0.40136700000000003 0.088379 0.537109
0 0.617676 0.47851600000000005 0.637695 0.47851600000000005 0.637695 0.384766 0.617676 0.384766 0.617676 0.47851600000000005
0 0.65332 0.459961 0.665527 0.459961 0.665527 0.376953 0.65332 0.376953 0.65332 0.459961
2 0.7006840000000001 0.46777300000000005 0.7412110000000001 0.46777300000000005 0.7412110000000001 0.40625 0.7006840000000001 0.40625 0.7006840000000001 0.46777300000000005
1 0.26416 0.581055 0.29247999999999996 0.581055 0.29247999999999996 0.46289100000000005 0.26416 0.46289100000000005 0.26416 0.581055
0 0.083496 0.520508 0.11474599999999999 0.520508 0.11474599999999999 0.361328 0.083496 0.361328 0.083496 0.520508
0 0.6005860000000001 0.4375 0.6162110000000001 0.4375 0.6162110000000001 0.383789 0.6005860000000001 0.383789 0.6005860000000001 0.4375
1 0.17334 0.472656 0.199707 0.472656 0.199707 0.410156 0.17334 0.410156 0.17334 0.472656