2 0 0.749023 0.22900399999999999 0.749023 0.22900399999999999 0.254883 0 0.254883 0 0.749023
2 0.197754 0.556641 0.331055 0.556641 0.331055 0.360352 0.197754 0.360352 0.197754 0.556641
2 0.788574 0.526367 0.923828 0.526367 0.923828 0.37207 0.788574 0.37207 0.788574 0.526367
0 0.644531 0.47363299999999997 0.6743159999999999 0.47363299999999997 0.6743159999999999 0.364258 0.644531 0.364258 0.644531 0.47363299999999997
2 1 0.363281 0.964844 0.363281 0.964844 0.570312 1 0.570312 1 0.363281
2 0.302246 0.512695 0.353516 0.512695 0.353516 0.362305 0.302246 0.362305 0.302246 0.512695
2 0.413574 0.44335899999999995 0.450195 0.44335899999999995 0.450195 0.38281200000000004 0.413574 0.38281200000000004 0.413574 0.44335899999999995
2 0.5454100000000001 0.4375 0.590332 0.4375 0.590332 0.378906 0.5454100000000001 0.378906 0.5454100000000001 0.4375
2 0.444336 0.43652300000000005 0.47168 0.43652300000000005 0.47168 0.37793 0.444336 0.37793 0.444336 0.43652300000000005
0 0.361328 0.450195 0.377441 0.450195 0.377441 0.362305 0.361328 0.362305 0.361328 0.450195
0 0.499512 0.43847699999999995 0.512695 0.43847699999999995 0.512695 0.355469 0.499512 0.355469 0.499512 0.43847699999999995
0 0.715332 0.44335899999999995 0.729492 0.44335899999999995 0.729492 0.370117 0.715332 0.370117 0.715332 0.44335899999999995
6 0.6025389999999999 0.430664 0.6586909999999999 0.430664 0.6586909999999999 0.358398 0.6025389999999999 0.358398 0.6025389999999999 0.430664
0 0.590332 0.439453 0.605469 0.439453 0.605469 0.379883 0.590332 0.379883 0.590332 0.439453