2 0.666504 0.451172 0.706543 0.451172 0.706543 0.389648 0.666504 0.389648 0.666504 0.451172
2 0.5180659999999999 0.428711 0.544922 0.428711 0.544922 0.392578 0.5180659999999999 0.392578 0.5180659999999999 0.428711
2 0.495605 0.43261700000000003 0.512207 0.43261700000000003 0.512207 0.386719 0.495605 0.386719 0.495605 0.43261700000000003
6 0.21337899999999999 0.568359 0.41943400000000003 0.568359 0.41943400000000003 0.201172 0.21337899999999999 0.201172 0.21337899999999999 0.568359
2 0.486328 0.439453 0.504883 0.439453 0.504883 0.391602 0.486328 0.391602 0.486328 0.439453
2 0.6474610000000001 0.44335899999999995 0.669922 0.44335899999999995 0.669922 0.40332 0.6474610000000001 0.40332 0.6474610000000001 0.44335899999999995
1 0.7670899999999999 0.50293 0.791992 0.50293 0.791992 0.408203 0.7670899999999999 0.408203 0.7670899999999999 0.50293
0 0.765625 0.49511700000000003 0.791992 0.49511700000000003 0.791992 0.356445 0.765625 0.356445 0.765625 0.49511700000000003
2 0.453125 0.44531200000000004 0.490723 0.44531200000000004 0.490723 0.389648 0.453125 0.389648 0.453125 0.44531200000000004
2 0.782227 0.47656200000000004 0.8266600000000001 0.47656200000000004 0.8266600000000001 0.383789 0.782227 0.383789 0.782227 0.47656200000000004
4 0.212891 0.567383 0.41943400000000003 0.567383 0.41943400000000003 0.203125 0.212891 0.203125 0.212891 0.567383
2 0.5849610000000001 0.44824200000000003 0.626953 0.44824200000000003 0.626953 0.388672 0.5849610000000001 0.388672 0.5849610000000001 0.44824200000000003
2 1 0.369141 0.937988 0.369141 0.937988 0.557617 1 0.557617 1 0.369141
2 0.811523 0.49414100000000005 0.875488 0.49414100000000005 0.875488 0.384766 0.811523 0.384766 0.811523 0.49414100000000005