2 0.333496 0.389648 0.29345699999999997 0.389648 0.29345699999999997 0.451172 0.333496 0.451172 0.333496 0.389648
2 0.48193400000000003 0.392578 0.455078 0.392578 0.455078 0.428711 0.48193400000000003 0.428711 0.48193400000000003 0.392578
2 0.5043949999999999 0.386719 0.48779300000000003 0.386719 0.48779300000000003 0.43261700000000003 0.5043949999999999 0.43261700000000003 0.5043949999999999 0.386719
6 0.786621 0.201172 0.5805659999999999 0.201172 0.5805659999999999 0.568359 0.786621 0.568359 0.786621 0.201172
2 0.513672 0.391602 0.49511700000000003 0.391602 0.49511700000000003 0.439453 0.513672 0.439453 0.513672 0.391602
2 0.352539 0.40332 0.330078 0.40332 0.330078 0.44335899999999995 0.352539 0.44335899999999995 0.352539 0.40332
1 0.23291 0.408203 0.20800800000000003 0.408203 0.20800800000000003 0.50293 0.23291 0.50293 0.23291 0.408203
0 0.234375 0.356445 0.20800800000000003 0.356445 0.20800800000000003 0.49511700000000003 0.234375 0.49511700000000003 0.234375 0.356445
2 0.546875 0.389648 0.509277 0.389648 0.509277 0.44531200000000004 0.546875 0.44531200000000004 0.546875 0.389648
2 0.217773 0.383789 0.17334 0.383789 0.17334 0.47656200000000004 0.217773 0.47656200000000004 0.217773 0.383789
4 0.787109 0.203125 0.5805659999999999 0.203125 0.5805659999999999 0.567383 0.787109 0.567383 0.787109 0.203125
2 0.415039 0.388672 0.373047 0.388672 0.373047 0.44824200000000003 0.415039 0.44824200000000003 0.415039 0.388672
2 0 0.557617 0.062012 0.557617 0.062012 0.369141 0 0.369141 0 0.557617
2 0.188477 0.384766 0.124512 0.384766 0.124512 0.49414100000000005 0.188477 0.49414100000000005 0.188477 0.384766