2 0.314941 0.391602 0.25 0.391602 0.25 0.486328 0.314941 0.486328 0.314941 0.391602
0 0.154785 0.386719 0.133789 0.386719 0.133789 0.496094 0.154785 0.496094 0.154785 0.386719
2 0.26416 0.40039100000000005 0.22705099999999998 0.40039100000000005 0.22705099999999998 0.47460899999999995 0.26416 0.47460899999999995 0.26416 0.40039100000000005
0 0.131836 0.378906 0.11230500000000002 0.378906 0.11230500000000002 0.49023399999999995 0.131836 0.49023399999999995 0.131836 0.378906
0 0.8413090000000001 0.339844 0.8183590000000001 0.339844 0.8183590000000001 0.49902300000000005 0.8413090000000001 0.49902300000000005 0.8413090000000001 0.339844
0 0.9248049999999999 0.352539 0.8872070000000001 0.352539 0.8872070000000001 0.487305 0.9248049999999999 0.487305 0.9248049999999999 0.352539
4 0.808594 0.25 0.48095699999999997 0.25 0.48095699999999997 0.527344 0.808594 0.527344 0.808594 0.25
0 0.8569340000000001 0.393555 0.8408200000000001 0.393555 0.8408200000000001 0.49707 0.8569340000000001 0.49707 0.8569340000000001 0.393555
2 0.45898399999999995 0.391602 0.43164100000000005 0.391602 0.43164100000000005 0.44824200000000003 0.45898399999999995 0.44824200000000003 0.45898399999999995 0.391602
2 0.349609 0.38281200000000004 0.303223 0.38281200000000004 0.303223 0.46972699999999995 0.349609 0.46972699999999995 0.349609 0.38281200000000004
2 0.491211 0.391602 0.46582 0.391602 0.46582 0.46386700000000003 0.491211 0.46386700000000003 0.491211 0.391602
6 0.808105 0.249023 0.48095699999999997 0.249023 0.48095699999999997 0.526367 0.808105 0.526367 0.808105 0.249023
2 0.376465 0.40136700000000003 0.35791 0.40136700000000003 0.35791 0.433594 0.376465 0.433594 0.376465 0.40136700000000003
2 0.40722699999999995 0.40136700000000003 0.388184 0.40136700000000003 0.388184 0.43457 0.40722699999999995 0.43457 0.40722699999999995 0.40136700000000003
2 0.36084 0.402344 0.342285 0.402344 0.342285 0.46093799999999996 0.36084 0.46093799999999996 0.36084 0.402344