2 0.6850590000000001 0.486328 0.75 0.486328 0.75 0.391602 0.6850590000000001 0.391602 0.6850590000000001 0.486328
0 0.8452149999999999 0.496094 0.8662110000000001 0.496094 0.8662110000000001 0.386719 0.8452149999999999 0.386719 0.8452149999999999 0.496094
2 0.7358399999999999 0.47460899999999995 0.772949 0.47460899999999995 0.772949 0.40039100000000005 0.7358399999999999 0.40039100000000005 0.7358399999999999 0.47460899999999995
0 0.8681639999999999 0.49023399999999995 0.8876950000000001 0.49023399999999995 0.8876950000000001 0.378906 0.8681639999999999 0.378906 0.8681639999999999 0.49023399999999995
0 0.158691 0.49902300000000005 0.181641 0.49902300000000005 0.181641 0.339844 0.158691 0.339844 0.158691 0.49902300000000005
0 0.075195 0.487305 0.112793 0.487305 0.112793 0.352539 0.075195 0.352539 0.075195 0.487305
4 0.19140600000000002 0.527344 0.519043 0.527344 0.519043 0.25 0.19140600000000002 0.25 0.19140600000000002 0.527344
0 0.143066 0.49707 0.15918000000000002 0.49707 0.15918000000000002 0.393555 0.143066 0.393555 0.143066 0.49707
2 0.541016 0.44824200000000003 0.568359 0.44824200000000003 0.568359 0.391602 0.541016 0.391602 0.541016 0.44824200000000003
2 0.650391 0.46972699999999995 0.696777 0.46972699999999995 0.696777 0.38281200000000004 0.650391 0.38281200000000004 0.650391 0.46972699999999995
2 0.5087889999999999 0.46386700000000003 0.53418 0.46386700000000003 0.53418 0.391602 0.5087889999999999 0.391602 0.5087889999999999 0.46386700000000003
6 0.19189499999999998 0.526367 0.519043 0.526367 0.519043 0.249023 0.19189499999999998 0.249023 0.19189499999999998 0.526367
2 0.6235350000000001 0.433594 0.6420899999999999 0.433594 0.6420899999999999 0.40136700000000003 0.6235350000000001 0.40136700000000003 0.6235350000000001 0.433594
2 0.592773 0.43457 0.6118159999999999 0.43457 0.6118159999999999 0.40136700000000003 0.592773 0.40136700000000003 0.592773 0.43457
2 0.6391600000000001 0.46093799999999996 0.6577149999999999 0.46093799999999996 0.6577149999999999 0.402344 0.6391600000000001 0.402344 0.6391600000000001 0.46093799999999996