2 0 0.577148 0.018066 0.577148 0.018066 0.42773399999999995 0 0.42773399999999995 0 0.577148
2 0.540479 0.384766 0.510254 0.384766 0.510254 0.47666000000000003 0.540479 0.47666000000000003 0.540479 0.384766
2 0.414551 0.387695 0.336426 0.387695 0.336426 0.49902300000000005 0.414551 0.49902300000000005 0.414551 0.387695
2 0.6225590000000001 0.374023 0.541992 0.374023 0.541992 0.50293 0.6225590000000001 0.50293 0.6225590000000001 0.374023
2 0.7543949999999999 0.389648 0.597168 0.389648 0.597168 0.573242 0.7543949999999999 0.573242 0.7543949999999999 0.389648
2 0.350586 0.399414 0.320801 0.399414 0.320801 0.45214800000000005 0.350586 0.45214800000000005 0.350586 0.399414
0 0.922852 0.282227 0.863281 0.282227 0.863281 0.65332 0.922852 0.65332 0.922852 0.282227
2 0.15331999999999998 0.413086 0.013672 0.413086 0.013672 0.563477 0.15331999999999998 0.563477 0.15331999999999998 0.413086
2 0.209961 0.424805 0.139648 0.424805 0.139648 0.530273 0.209961 0.530273 0.209961 0.424805
2 0.249512 0.391602 0.171875 0.391602 0.171875 0.501953 0.249512 0.501953 0.249512 0.391602
2 0.27783199999999997 0.41113299999999997 0.244141 0.41113299999999997 0.244141 0.48535199999999995 0.27783199999999997 0.48535199999999995 0.27783199999999997 0.41113299999999997
3 0.493652 0.347949 0.449951 0.347949 0.449951 0.484375 0.493652 0.484375 0.493652 0.347949