0 0.148926 0.47949200000000003 0.17041 0.47949200000000003 0.17041 0.352539 0.148926 0.352539 0.148926 0.47949200000000003
2 0.619629 0.595703 0.774902 0.595703 0.774902 0.348633 0.619629 0.348633 0.619629 0.595703
0 0.374512 0.5849610000000001 0.428711 0.5849610000000001 0.428711 0.270508 0.374512 0.270508 0.374512 0.5849610000000001
0 0.179199 0.530273 0.224609 0.530273 0.224609 0.272461 0.179199 0.272461 0.179199 0.530273
2 0.754883 0.504883 0.788574 0.504883 0.788574 0.370117 0.754883 0.370117 0.754883 0.504883
1 0 0.605469 0.070801 0.605469 0.070801 0.397461 0 0.397461 0 0.605469
0 0.316406 0.59082 0.37841800000000003 0.59082 0.37841800000000003 0.275391 0.316406 0.275391 0.316406 0.59082
0 0.419922 0.557617 0.453125 0.557617 0.453125 0.288086 0.419922 0.288086 0.419922 0.557617
1 0.158691 0.525391 0.23877 0.525391 0.23877 0.39843799999999996 0.158691 0.39843799999999996 0.158691 0.525391
0 0.06884799999999999 0.493164 0.09228499999999999 0.493164 0.09228499999999999 0.330078 0.06884799999999999 0.330078 0.06884799999999999 0.493164
0 0.623047 0.425781 0.639648 0.425781 0.639648 0.348633 0.623047 0.348633 0.623047 0.425781