0 0.495605 0.392578 0.47900400000000004 0.392578 0.47900400000000004 0.49511700000000003 0.495605 0.49511700000000003 0.495605 0.392578
4 0.118164 0.254883 0.000488 0.254883 0.000488 0.486328 0.118164 0.486328 0.118164 0.254883
2 0.549805 0.402344 0.510742 0.402344 0.510742 0.459961 0.549805 0.459961 0.549805 0.402344
2 0.617188 0.389648 0.5737300000000001 0.389648 0.5737300000000001 0.46386700000000003 0.617188 0.46386700000000003 0.617188 0.389648
0 0.47021499999999994 0.390625 0.455078 0.390625 0.455078 0.48925799999999997 0.47021499999999994 0.48925799999999997 0.47021499999999994 0.390625
0 0.42724599999999996 0.389648 0.40771499999999994 0.389648 0.40771499999999994 0.48535199999999995 0.42724599999999996 0.48535199999999995 0.42724599999999996 0.389648
1 0.42675799999999997 0.428711 0.396484 0.428711 0.396484 0.488281 0.42675799999999997 0.488281 0.42675799999999997 0.428711
0 0.483887 0.393555 0.46972699999999995 0.393555 0.46972699999999995 0.491211 0.483887 0.491211 0.483887 0.393555
0 0.369629 0.380859 0.354492 0.380859 0.354492 0.481445 0.369629 0.481445 0.369629 0.380859
2 0.843262 0.366211 0.6538090000000001 0.366211 0.6538090000000001 0.5224610000000001 0.843262 0.5224610000000001 0.843262 0.366211
6 0.843262 0.365234 0.65332 0.365234 0.65332 0.5224610000000001 0.843262 0.5224610000000001 0.843262 0.365234