4 1 0.256836 0.882812 0.256836 0.882812 0.486328 1 0.486328 1 0.256836
0 0.649902 0.498047 0.6787110000000001 0.498047 0.6787110000000001 0.38281200000000004 0.649902 0.38281200000000004 0.649902 0.498047
1 0.44762700000000005 0.500498 0.511592 0.500498 0.511592 0.379102 0.44762700000000005 0.379102 0.44762700000000005 0.500498
1 0.10498 0.50293 0.158691 0.50293 0.158691 0.400781 0.10498 0.400781 0.10498 0.50293
0 0.220215 0.49414100000000005 0.241211 0.49414100000000005 0.241211 0.395508 0.220215 0.395508 0.220215 0.49414100000000005
0 0.392578 0.488281 0.406738 0.488281 0.406738 0.40039100000000005 0.392578 0.40039100000000005 0.392578 0.488281
0 0.37939500000000004 0.488281 0.395508 0.488281 0.395508 0.399414 0.37939500000000004 0.399414 0.37939500000000004 0.488281
0 0.430664 0.49414100000000005 0.446777 0.49414100000000005 0.446777 0.390625 0.430664 0.390625 0.430664 0.49414100000000005
1 0.516553 0.486328 0.563428 0.486328 0.563428 0.384766 0.516553 0.384766 0.516553 0.486328
0 0.313477 0.491211 0.33593799999999996 0.491211 0.33593799999999996 0.399414 0.313477 0.399414 0.313477 0.491211
1 0.707031 0.50293 0.776367 0.50293 0.776367 0.368848 0.707031 0.368848 0.707031 0.50293