4 0 0.486328 0.117188 0.486328 0.117188 0.256836 0 0.256836 0 0.486328
0 0.350098 0.38281200000000004 0.321289 0.38281200000000004 0.321289 0.498047 0.350098 0.498047 0.350098 0.38281200000000004
1 0.552373 0.379102 0.488408 0.379102 0.488408 0.500498 0.552373 0.500498 0.552373 0.379102
1 0.89502 0.400781 0.8413090000000001 0.400781 0.8413090000000001 0.50293 0.89502 0.50293 0.89502 0.400781
0 0.7797850000000001 0.395508 0.7587889999999999 0.395508 0.7587889999999999 0.49414100000000005 0.7797850000000001 0.49414100000000005 0.7797850000000001 0.395508
0 0.607422 0.40039100000000005 0.593262 0.40039100000000005 0.593262 0.488281 0.607422 0.488281 0.607422 0.40039100000000005
0 0.6206050000000001 0.399414 0.604492 0.399414 0.604492 0.488281 0.6206050000000001 0.488281 0.6206050000000001 0.399414
0 0.5693360000000001 0.390625 0.553223 0.390625 0.553223 0.49414100000000005 0.5693360000000001 0.49414100000000005 0.5693360000000001 0.390625
1 0.48344699999999996 0.384766 0.43657199999999996 0.384766 0.43657199999999996 0.486328 0.48344699999999996 0.486328 0.48344699999999996 0.384766
0 0.686523 0.399414 0.664062 0.399414 0.664062 0.491211 0.686523 0.491211 0.686523 0.399414
1 0.292969 0.368848 0.22363300000000003 0.368848 0.22363300000000003 0.50293 0.292969 0.50293 0.292969 0.368848