2 0.42041000000000006 0.370117 0.397461 0.370117 0.397461 0.428711 0.42041000000000006 0.428711 0.42041000000000006 0.370117
2 0.33593799999999996 0.36718799999999996 0.299805 0.36718799999999996 0.299805 0.42773399999999995 0.33593799999999996 0.42773399999999995 0.33593799999999996 0.36718799999999996
0 0.787598 0.365234 0.7641600000000001 0.365234 0.7641600000000001 0.5087889999999999 0.787598 0.5087889999999999 0.787598 0.365234
2 0.322266 0.388672 0.24609399999999998 0.388672 0.24609399999999998 0.498047 0.322266 0.498047 0.322266 0.388672
2 0.5087889999999999 0.385742 0.460449 0.385742 0.460449 0.43261700000000003 0.5087889999999999 0.43261700000000003 0.5087889999999999 0.385742
2 0.181641 0.389648 0.11132800000000001 0.389648 0.11132800000000001 0.488281 0.181641 0.488281 0.181641 0.389648
2 0.40918 0.364258 0.344238 0.364258 0.344238 0.49023399999999995 0.40918 0.49023399999999995 0.40918 0.364258
2 0.46289100000000005 0.38281200000000004 0.41845699999999997 0.38281200000000004 0.41845699999999997 0.42773399999999995 0.46289100000000005 0.42773399999999995 0.46289100000000005 0.38281200000000004
1 0.223145 0.373047 0.204102 0.373047 0.204102 0.46093799999999996 0.223145 0.46093799999999996 0.223145 0.373047
2 0.547852 0.378906 0.504883 0.378906 0.504883 0.43164100000000005 0.547852 0.43164100000000005 0.547852 0.378906
2 0.352051 0.378906 0.325684 0.378906 0.325684 0.46386700000000003 0.352051 0.46386700000000003 0.352051 0.378906
2 0.192871 0.376953 0.154297 0.376953 0.154297 0.46093799999999996 0.192871 0.46093799999999996 0.192871 0.376953
0 0.026855 0.355469 0.005371 0.355469 0.005371 0.488281 0.026855 0.488281 0.026855 0.355469