2 0.5795899999999999 0.428711 0.6025389999999999 0.428711 0.6025389999999999 0.370117 0.5795899999999999 0.370117 0.5795899999999999 0.428711
2 0.664062 0.42773399999999995 0.700195 0.42773399999999995 0.700195 0.36718799999999996 0.664062 0.36718799999999996 0.664062 0.42773399999999995
0 0.21240199999999998 0.5087889999999999 0.23584 0.5087889999999999 0.23584 0.365234 0.21240199999999998 0.365234 0.21240199999999998 0.5087889999999999
2 0.677734 0.498047 0.753906 0.498047 0.753906 0.388672 0.677734 0.388672 0.677734 0.498047
2 0.491211 0.43261700000000003 0.539551 0.43261700000000003 0.539551 0.385742 0.491211 0.385742 0.491211 0.43261700000000003
2 0.8183590000000001 0.488281 0.888672 0.488281 0.888672 0.389648 0.8183590000000001 0.389648 0.8183590000000001 0.488281
2 0.59082 0.49023399999999995 0.655762 0.49023399999999995 0.655762 0.364258 0.59082 0.364258 0.59082 0.49023399999999995
2 0.537109 0.42773399999999995 0.581543 0.42773399999999995 0.581543 0.38281200000000004 0.537109 0.38281200000000004 0.537109 0.42773399999999995
1 0.7768550000000001 0.46093799999999996 0.795898 0.46093799999999996 0.795898 0.373047 0.7768550000000001 0.373047 0.7768550000000001 0.46093799999999996
2 0.45214800000000005 0.43164100000000005 0.49511700000000003 0.43164100000000005 0.49511700000000003 0.378906 0.45214800000000005 0.378906 0.45214800000000005 0.43164100000000005
2 0.647949 0.46386700000000003 0.6743159999999999 0.46386700000000003 0.6743159999999999 0.378906 0.647949 0.378906 0.647949 0.46386700000000003
2 0.807129 0.46093799999999996 0.845703 0.46093799999999996 0.845703 0.376953 0.807129 0.376953 0.807129 0.46093799999999996
0 0.973145 0.488281 0.994629 0.488281 0.994629 0.355469 0.973145 0.355469 0.973145 0.488281