0 0.7485350000000001 0.298828 0.719727 0.298828 0.719727 0.5712889999999999 0.7485350000000001 0.5712889999999999 0.7485350000000001 0.298828
0 0.624512 0.368164 0.578125 0.368164 0.578125 0.521484 0.624512 0.521484 0.624512 0.368164
0 0.730469 0.274414 0.682129 0.274414 0.682129 0.609375 0.730469 0.609375 0.730469 0.274414
0 0.539551 0.352539 0.507812 0.352539 0.507812 0.513672 0.539551 0.513672 0.539551 0.352539
2 0.283691 0.40918 0.200684 0.40918 0.200684 0.47656200000000004 0.283691 0.47656200000000004 0.283691 0.40918
2 0.176758 0.402344 0.084961 0.402344 0.084961 0.493164 0.176758 0.493164 0.176758 0.402344
2 0 0.491211 0.039062 0.491211 0.039062 0.392578 0 0.392578 0 0.491211
0 1 0.338867 0.985352 0.338867 0.985352 0.5 1 0.5 1 0.338867
3 0.406738 0.399316 0.299805 0.399316 0.299805 0.580078 0.406738 0.580078 0.406738 0.399316
0 0.20800800000000003 0.389648 0.196289 0.389648 0.196289 0.43164100000000005 0.20800800000000003 0.43164100000000005 0.20800800000000003 0.389648
1 0.774902 0.41406200000000004 0.7387699999999999 0.41406200000000004 0.7387699999999999 0.5087889999999999 0.774902 0.5087889999999999 0.774902 0.41406200000000004