1 0.28564500000000004 0.470703 0.31689500000000004 0.470703 0.31689500000000004 0.393555 0.28564500000000004 0.393555 0.28564500000000004 0.470703
0 0.13769499999999998 0.525391 0.196777 0.525391 0.196777 0.298828 0.13769499999999998 0.298828 0.13769499999999998 0.525391
0 0.49218799999999996 0.49218799999999996 0.52832 0.49218799999999996 0.52832 0.349609 0.49218799999999996 0.349609 0.49218799999999996 0.49218799999999996
0 0.800781 0.589844 0.870605 0.589844 0.870605 0.339844 0.800781 0.339844 0.800781 0.589844
0 0.074707 0.525391 0.12793000000000002 0.525391 0.12793000000000002 0.266602 0.074707 0.266602 0.074707 0.525391
0 0.242188 0.472656 0.276367 0.472656 0.276367 0.333984 0.242188 0.333984 0.242188 0.472656
0 0.783203 0.542969 0.817871 0.542969 0.817871 0.333984 0.783203 0.333984 0.783203 0.542969
0 0.614746 0.49023399999999995 0.646973 0.49023399999999995 0.646973 0.342773 0.614746 0.342773 0.614746 0.49023399999999995
0 0.567871 0.480469 0.5869139999999999 0.480469 0.5869139999999999 0.339844 0.567871 0.339844 0.567871 0.480469
0 0.481445 0.428711 0.495605 0.428711 0.495605 0.355469 0.481445 0.355469 0.481445 0.428711
1 0.710938 0.498047 0.7700199999999999 0.498047 0.7700199999999999 0.392578 0.710938 0.392578 0.710938 0.498047
0 0.361816 0.46582 0.37939500000000004 0.46582 0.37939500000000004 0.353516 0.361816 0.353516 0.361816 0.46582
0 0.611328 0.477539 0.633301 0.477539 0.633301 0.349609 0.611328 0.349609 0.611328 0.477539
6 0.403433 0.421729 0.461304 0.421729 0.461304 0.326416 0.403433 0.326416 0.403433 0.421729