0 0.203125 0.386719 0.180664 0.386719 0.180664 0.5068360000000001 0.203125 0.5068360000000001 0.203125 0.386719
1 0.882812 0.392578 0.8564450000000001 0.392578 0.8564450000000001 0.45410199999999995 0.882812 0.45410199999999995 0.882812 0.392578
0 0.47119099999999997 0.373047 0.45068400000000003 0.373047 0.45068400000000003 0.484375 0.47119099999999997 0.484375 0.47119099999999997 0.373047
1 0.304199 0.43457 0.186035 0.43457 0.186035 0.754883 0.304199 0.754883 0.304199 0.43457
0 0.749023 0.293945 0.686523 0.293945 0.686523 0.597656 0.749023 0.597656 0.749023 0.293945
0 0.963379 0.301758 0.898438 0.301758 0.898438 0.578125 0.963379 0.578125 0.963379 0.301758
0 0.663574 0.31543 0.595703 0.31543 0.595703 0.599609 0.663574 0.599609 0.663574 0.31543
0 0.851562 0.326172 0.805176 0.326172 0.805176 0.551758 0.851562 0.551758 0.851562 0.326172
0 0.7856449999999999 0.333984 0.744629 0.333984 0.744629 0.5537110000000001 0.7856449999999999 0.5537110000000001 0.7856449999999999 0.333984
0 0.526367 0.310547 0.48193400000000003 0.310547 0.48193400000000003 0.557617 0.526367 0.557617 0.526367 0.310547
0 0.56543 0.332031 0.515137 0.332031 0.515137 0.552734 0.56543 0.552734 0.56543 0.332031
0 0.40625 0.338867 0.361816 0.338867 0.361816 0.5400389999999999 0.40625 0.5400389999999999 0.40625 0.338867
0 0.344727 0.380859 0.30468799999999996 0.380859 0.30468799999999996 0.556641 0.344727 0.556641 0.344727 0.380859
0 0.30957 0.362305 0.265137 0.362305 0.265137 0.556641 0.30957 0.556641 0.30957 0.362305
0 0.583008 0.336914 0.554688 0.336914 0.554688 0.546875 0.583008 0.546875 0.583008 0.336914
0 1 0.296875 0.9746090000000001 0.296875 0.9746090000000001 0.518555 1 0.518555 1 0.296875
2 0.7075199999999999 0.38281200000000004 0.676758 0.38281200000000004 0.676758 0.435547 0.7075199999999999 0.435547 0.7075199999999999 0.38281200000000004
0 0.139648 0.392578 0.11865200000000001 0.392578 0.11865200000000001 0.512695 0.139648 0.512695 0.139648 0.392578
0 0.9746090000000001 0.330078 0.94873 0.330078 0.94873 0.46093799999999996 0.9746090000000001 0.46093799999999996 0.9746090000000001 0.330078