1 0.22705099999999998 0.47656200000000004 0.306641 0.47656200000000004 0.306641 0.37207 0.22705099999999998 0.37207 0.22705099999999998 0.47656200000000004
0 0.24609399999999998 0.376953 0.263184 0.376953 0.263184 0.332031 0.24609399999999998 0.332031 0.24609399999999998 0.376953
2 0.45410199999999995 0.470703 0.530273 0.470703 0.530273 0.376953 0.45410199999999995 0.376953 0.45410199999999995 0.470703
2 1 0.379883 0.867676 0.379883 0.867676 0.554688 1 0.554688 1 0.379883
2 0.847656 0.517578 0.8847659999999999 0.517578 0.8847659999999999 0.40918 0.847656 0.40918 0.847656 0.517578
2 0.814453 0.504883 0.8579100000000001 0.504883 0.8579100000000001 0.408203 0.814453 0.408203 0.814453 0.504883
2 0.765137 0.46875 0.791016 0.46875 0.791016 0.40039100000000005 0.765137 0.40039100000000005 0.765137 0.46875
2 0.59375 0.43261700000000003 0.623047 0.43261700000000003 0.623047 0.375 0.59375 0.375 0.59375 0.43261700000000003
2 0.000977 0.702148 0.21240199999999998 0.702148 0.21240199999999998 0.251953 0.000977 0.251953 0.000977 0.702148
2 0.558594 0.433594 0.585938 0.433594 0.585938 0.389648 0.558594 0.389648 0.558594 0.433594
0 0.26122999999999996 0.375977 0.28125 0.375977 0.28125 0.321289 0.26122999999999996 0.321289 0.26122999999999996 0.375977
2 0.785156 0.487305 0.8305659999999999 0.487305 0.8305659999999999 0.39843799999999996 0.785156 0.39843799999999996 0.785156 0.487305
2 0.666016 0.430664 0.716797 0.430664 0.716797 0.399414 0.666016 0.399414 0.666016 0.430664