0 0.40722699999999995 0.275391 0.35497999999999996 0.275391 0.35497999999999996 0.568359 0.40722699999999995 0.568359 0.40722699999999995 0.275391
2 0 0.8466799999999999 0.080566 0.8466799999999999 0.080566 0.285156 0 0.285156 0 0.8466799999999999
0 0.501953 0.264648 0.44287099999999996 0.264648 0.44287099999999996 0.576172 0.501953 0.576172 0.501953 0.264648
0 0.332031 0.286133 0.281738 0.286133 0.281738 0.5625 0.332031 0.5625 0.332031 0.286133
0 0.298828 0.285156 0.251953 0.285156 0.251953 0.545898 0.298828 0.545898 0.298828 0.285156
0 0.817871 0.318359 0.773438 0.318359 0.773438 0.546875 0.817871 0.546875 0.817871 0.318359
0 0.74707 0.298828 0.703613 0.298828 0.703613 0.542969 0.74707 0.542969 0.74707 0.298828
0 0.120605 0.337891 0.09814500000000001 0.337891 0.09814500000000001 0.461914 0.120605 0.461914 0.120605 0.337891
1 0.583984 0.384766 0.500977 0.384766 0.500977 0.598633 0.583984 0.598633 0.583984 0.384766
0 0.443848 0.293945 0.415527 0.293945 0.415527 0.511719 0.443848 0.511719 0.443848 0.293945
1 0.643555 0.40136700000000003 0.598633 0.40136700000000003 0.598633 0.612305 0.643555 0.612305 0.643555 0.40136700000000003
0 0.646973 0.302734 0.605957 0.302734 0.605957 0.573242 0.646973 0.573242 0.646973 0.302734
0 0.146484 0.333008 0.12206999999999998 0.333008 0.12206999999999998 0.46289100000000005 0.146484 0.46289100000000005 0.146484 0.333008
0 0.943848 0.34082 0.901855 0.34082 0.901855 0.408203 0.943848 0.408203 0.943848 0.34082
0 0.855469 0.316406 0.835938 0.316406 0.835938 0.498047 0.855469 0.498047 0.855469 0.316406
0 0.669922 0.332031 0.644043 0.332031 0.644043 0.46386700000000003 0.669922 0.46386700000000003 0.669922 0.332031