0 0.592773 0.568359 0.6450199999999999 0.568359 0.6450199999999999 0.275391 0.592773 0.275391 0.592773 0.568359
2 1 0.285156 0.9194340000000001 0.285156 0.9194340000000001 0.8466799999999999 1 0.8466799999999999 1 0.285156
0 0.498047 0.576172 0.557129 0.576172 0.557129 0.264648 0.498047 0.264648 0.498047 0.576172
0 0.667969 0.5625 0.718262 0.5625 0.718262 0.286133 0.667969 0.286133 0.667969 0.5625
0 0.701172 0.545898 0.748047 0.545898 0.748047 0.285156 0.701172 0.285156 0.701172 0.545898
0 0.182129 0.546875 0.226562 0.546875 0.226562 0.318359 0.182129 0.318359 0.182129 0.546875
0 0.25293 0.542969 0.296387 0.542969 0.296387 0.298828 0.25293 0.298828 0.25293 0.542969
0 0.879395 0.461914 0.901855 0.461914 0.901855 0.337891 0.879395 0.337891 0.879395 0.461914
1 0.41601600000000005 0.598633 0.49902300000000005 0.598633 0.49902300000000005 0.384766 0.41601600000000005 0.384766 0.41601600000000005 0.598633
0 0.556152 0.511719 0.584473 0.511719 0.584473 0.293945 0.556152 0.293945 0.556152 0.511719
1 0.356445 0.612305 0.40136700000000003 0.612305 0.40136700000000003 0.40136700000000003 0.356445 0.40136700000000003 0.356445 0.612305
0 0.353027 0.573242 0.39404300000000003 0.573242 0.39404300000000003 0.302734 0.353027 0.302734 0.353027 0.573242
0 0.8535159999999999 0.46289100000000005 0.8779299999999999 0.46289100000000005 0.8779299999999999 0.333008 0.8535159999999999 0.333008 0.8535159999999999 0.46289100000000005
0 0.056152 0.408203 0.09814500000000001 0.408203 0.09814500000000001 0.34082 0.056152 0.34082 0.056152 0.408203
0 0.14453100000000002 0.498047 0.16406199999999999 0.498047 0.16406199999999999 0.316406 0.14453100000000002 0.316406 0.14453100000000002 0.498047
0 0.330078 0.46386700000000003 0.35595699999999997 0.46386700000000003 0.35595699999999997 0.332031 0.330078 0.332031 0.330078 0.46386700000000003