2 0.625 0.376953 0.568848 0.376953 0.568848 0.46093799999999996 0.625 0.46093799999999996 0.625 0.376953
0 0.6850590000000001 0.352539 0.668457 0.352539 0.668457 0.44531200000000004 0.6850590000000001 0.44531200000000004 0.6850590000000001 0.352539
2 0.45556599999999997 0.386719 0.40039100000000005 0.386719 0.40039100000000005 0.46093799999999996 0.45556599999999997 0.46093799999999996 0.45556599999999997 0.386719
2 0.507324 0.388672 0.48193400000000003 0.388672 0.48193400000000003 0.446289 0.507324 0.446289 0.507324 0.388672
2 0.492676 0.388672 0.464844 0.388672 0.464844 0.451172 0.492676 0.451172 0.492676 0.388672
2 0.5268550000000001 0.388672 0.503906 0.388672 0.503906 0.439453 0.5268550000000001 0.439453 0.5268550000000001 0.388672
2 0.47656200000000004 0.386719 0.444336 0.386719 0.444336 0.45800799999999997 0.47656200000000004 0.45800799999999997 0.47656200000000004 0.386719
2 0.522949 0.388672 0.49658199999999997 0.388672 0.49658199999999997 0.44238299999999997 0.522949 0.44238299999999997 0.522949 0.388672
2 0.477539 0.388672 0.455078 0.388672 0.455078 0.455078 0.477539 0.455078 0.477539 0.388672
1 0.302246 0.363281 0.271484 0.363281 0.271484 0.47460899999999995 0.302246 0.47460899999999995 0.302246 0.363281
2 0.556152 0.386719 0.53125 0.386719 0.53125 0.428711 0.556152 0.428711 0.556152 0.386719