2 0 0.6962889999999999 0.256348 0.6962889999999999 0.256348 0.37207 0 0.37207 0 0.6962889999999999
2 0.181641 0.59668 0.327148 0.59668 0.327148 0.363281 0.181641 0.363281 0.181641 0.59668
0 0.525879 0.541992 0.5610350000000001 0.541992 0.5610350000000001 0.35156200000000004 0.525879 0.35156200000000004 0.525879 0.541992
2 0.346191 0.472656 0.41406200000000004 0.472656 0.41406200000000004 0.395508 0.346191 0.395508 0.346191 0.472656
0 0.562988 0.530273 0.604492 0.530273 0.604492 0.336914 0.562988 0.336914 0.562988 0.530273
2 0.430176 0.45214800000000005 0.5170899999999999 0.45214800000000005 0.5170899999999999 0.390625 0.430176 0.390625 0.430176 0.45214800000000005
2 0.342285 0.526367 0.379883 0.526367 0.379883 0.40625 0.342285 0.40625 0.342285 0.526367
2 0.000488 0.867188 0.078613 0.867188 0.078613 0.477539 0.000488 0.477539 0.000488 0.867188
2 0.288574 0.546875 0.349121 0.546875 0.349121 0.36718799999999996 0.288574 0.36718799999999996 0.288574 0.546875
2 0.740234 0.444336 0.802246 0.444336 0.802246 0.37793 0.740234 0.37793 0.740234 0.444336
2 0.634766 0.45898399999999995 0.7055659999999999 0.45898399999999995 0.7055659999999999 0.383789 0.634766 0.383789 0.634766 0.45898399999999995
2 0.634766 0.46777300000000005 0.749512 0.46777300000000005 0.749512 0.383789 0.634766 0.383789 0.634766 0.46777300000000005
0 0.743857 0.445557 0.771094 0.445557 0.771094 0.374072 0.743857 0.374072 0.743857 0.445557