0 0.7836909999999999 0.702148 0.882812 0.702148 0.882812 0.333008 0.7836909999999999 0.333008 0.7836909999999999 0.702148
0 0.574219 0.712891 0.6381840000000001 0.712891 0.6381840000000001 0.255859 0.574219 0.255859 0.574219 0.712891
0 0.712402 0.655273 0.797852 0.655273 0.797852 0.327148 0.712402 0.327148 0.712402 0.655273
2 0.019531 0.450195 0.13671899999999998 0.450195 0.13671899999999998 0.375 0.019531 0.375 0.019531 0.450195
0 0.205078 0.470703 0.228516 0.470703 0.228516 0.329102 0.205078 0.329102 0.205078 0.470703
0 0.243164 0.475586 0.270996 0.475586 0.270996 0.336914 0.243164 0.336914 0.243164 0.475586
0 0.269531 0.46777300000000005 0.289551 0.46777300000000005 0.289551 0.33593799999999996 0.269531 0.33593799999999996 0.269531 0.46777300000000005
2 0.43261700000000003 0.439453 0.45752 0.439453 0.45752 0.408203 0.43261700000000003 0.408203 0.43261700000000003 0.439453
0 1 0.496094 0.970703 0.496094 0.970703 0.730469 1 0.730469 1 0.496094
2 0.634766 0.446289 0.6743159999999999 0.446289 0.6743159999999999 0.40332 0.634766 0.40332 0.634766 0.446289
2 0.47460899999999995 0.435547 0.48925799999999997 0.435547 0.48925799999999997 0.41210899999999995 0.47460899999999995 0.41210899999999995 0.47460899999999995 0.435547
1 0.290039 0.47851600000000005 0.330566 0.47851600000000005 0.330566 0.394531 0.290039 0.394531 0.290039 0.47851600000000005
1 0.32343299999999997 0.486416 0.362583 0.486416 0.362583 0.392793 0.32343299999999997 0.392793 0.32343299999999997 0.486416