2 0.7768550000000001 0.359375 0.7119139999999999 0.359375 0.7119139999999999 0.47460899999999995 0.7768550000000001 0.47460899999999995 0.7768550000000001 0.359375
4 0.733398 0.35156200000000004 0.655273 0.35156200000000004 0.655273 0.475586 0.733398 0.475586 0.733398 0.35156200000000004
2 0.470703 0.378906 0.446289 0.378906 0.446289 0.46386700000000003 0.470703 0.46386700000000003 0.470703 0.378906
2 0.49414100000000005 0.384766 0.46972699999999995 0.384766 0.46972699999999995 0.435547 0.49414100000000005 0.435547 0.49414100000000005 0.384766
0 0.328125 0.334961 0.305176 0.334961 0.305176 0.484375 0.328125 0.484375 0.328125 0.334961
2 0.999512 0.342773 0.708496 0.342773 0.708496 0.71875 0.999512 0.71875 0.999512 0.342773
2 0.636719 0.392578 0.603027 0.392578 0.603027 0.44335899999999995 0.636719 0.44335899999999995 0.636719 0.392578
2 0.728027 0.387695 0.679199 0.387695 0.679199 0.49023399999999995 0.728027 0.49023399999999995 0.728027 0.387695
0 0.280273 0.332031 0.25341800000000003 0.332031 0.25341800000000003 0.49023399999999995 0.280273 0.49023399999999995 0.280273 0.332031
2 0.45166000000000006 0.35156200000000004 0.352051 0.35156200000000004 0.352051 0.49902300000000005 0.45166000000000006 0.49902300000000005 0.45166000000000006 0.35156200000000004
0 0.243164 0.333008 0.21581999999999998 0.333008 0.21581999999999998 0.46875 0.243164 0.46875 0.243164 0.333008
2 0.5512699999999999 0.386719 0.524902 0.386719 0.524902 0.423828 0.5512699999999999 0.423828 0.5512699999999999 0.386719
0 0.307129 0.333984 0.280762 0.333984 0.280762 0.501953 0.307129 0.501953 0.307129 0.333984