0 0.176758 0.296875 0.16015600000000002 0.296875 0.16015600000000002 0.333008 0.176758 0.333008 0.176758 0.296875
2 0.265625 0.317383 0.000488 0.317383 0.000488 0.59668 0.265625 0.59668 0.265625 0.317383
2 0.573242 0.359375 0.47998 0.359375 0.47998 0.5087889999999999 0.573242 0.5087889999999999 0.573242 0.359375
2 0.406738 0.34082 0.362305 0.34082 0.362305 0.466797 0.406738 0.466797 0.406738 0.34082
2 0.662109 0.363281 0.597168 0.363281 0.597168 0.44531200000000004 0.662109 0.44531200000000004 0.662109 0.363281
0 0.293945 0.307617 0.24365199999999998 0.307617 0.24365199999999998 0.517578 0.293945 0.517578 0.293945 0.307617
0 0.198242 0.286133 0.17578100000000002 0.286133 0.17578100000000002 0.345703 0.198242 0.345703 0.198242 0.286133
2 0.6005860000000001 0.366211 0.5712889999999999 0.366211 0.5712889999999999 0.425781 0.6005860000000001 0.425781 0.6005860000000001 0.366211
2 0.37841800000000003 0.291992 0.241211 0.291992 0.241211 0.512695 0.37841800000000003 0.512695 0.37841800000000003 0.291992
2 0.42333999999999994 0.363281 0.399414 0.363281 0.399414 0.44531200000000004 0.42333999999999994 0.44531200000000004 0.42333999999999994 0.363281
0 0.151367 0.295898 0.129883 0.295898 0.129883 0.349609 0.151367 0.349609 0.151367 0.295898
2 0.477539 0.374023 0.462402 0.374023 0.462402 0.40722699999999995 0.477539 0.40722699999999995 0.477539 0.374023
2 0.6162110000000001 0.363281 0.590332 0.363281 0.590332 0.441406 0.6162110000000001 0.441406 0.6162110000000001 0.363281
0 0.137847 0.288965 0.106353 0.288965 0.106353 0.328115 0.137847 0.328115 0.137847 0.288965