2 0.000977 0.686523 0.275879 0.686523 0.275879 0.296875 0.000977 0.296875 0.000977 0.686523
2 0.24169900000000002 0.5244139999999999 0.362305 0.5244139999999999 0.362305 0.360352 0.24169900000000002 0.360352 0.24169900000000002 0.5244139999999999
2 0.381348 0.49902300000000005 0.42041000000000006 0.49902300000000005 0.42041000000000006 0.391602 0.381348 0.391602 0.381348 0.49902300000000005
2 0.401855 0.480469 0.44726600000000005 0.480469 0.44726600000000005 0.389648 0.401855 0.389648 0.401855 0.480469
2 0.348633 0.544922 0.40332 0.544922 0.40332 0.387695 0.348633 0.387695 0.348633 0.544922
2 0.000488 0.844727 0.129883 0.844727 0.129883 0.459961 0.000488 0.459961 0.000488 0.844727
2 0.24169900000000002 0.599609 0.36084 0.599609 0.36084 0.381836 0.24169900000000002 0.381836 0.24169900000000002 0.599609
4 0.732793 0.48470700000000005 0.97875 0.48470700000000005 0.97875 0.166416 0.732793 0.166416 0.732793 0.48470700000000005
0 0.643433 0.607266 0.687686 0.607266 0.687686 0.32130899999999996 0.643433 0.32130899999999996 0.643433 0.607266
6 0.620454 0.448965 0.6825829999999999 0.448965 0.6825829999999999 0.260029 0.620454 0.260029 0.620454 0.448965
6 0.705562 0.43875000000000003 0.7481150000000001 0.43875000000000003 0.7481150000000001 0.24981399999999998 0.705562 0.24981399999999998 0.705562 0.43875000000000003