2 0.475098 0.415039 0.5014649999999999 0.415039 0.5014649999999999 0.36718799999999996 0.475098 0.36718799999999996 0.475098 0.415039
2 0.10742199999999999 0.550781 0.28906200000000004 0.550781 0.28906200000000004 0.308594 0.10742199999999999 0.308594 0.10742199999999999 0.550781
2 0.797852 0.5625 0.9501950000000001 0.5625 0.9501950000000001 0.375977 0.797852 0.375977 0.797852 0.5625
2 0.728027 0.514648 0.820801 0.514648 0.820801 0.37793 0.728027 0.37793 0.728027 0.514648
2 0.931152 0.589844 0.999512 0.589844 0.999512 0.37793 0.931152 0.37793 0.931152 0.589844
2 0.28564500000000004 0.48925799999999997 0.366699 0.48925799999999997 0.366699 0.34375 0.28564500000000004 0.34375 0.28564500000000004 0.48925799999999997
2 0.265137 0.510742 0.31543 0.510742 0.31543 0.349609 0.265137 0.349609 0.265137 0.510742
2 0.685547 0.486328 0.7543949999999999 0.486328 0.7543949999999999 0.364258 0.685547 0.364258 0.685547 0.486328
2 0.361816 0.43164100000000005 0.410645 0.43164100000000005 0.410645 0.355469 0.361816 0.355469 0.361816 0.43164100000000005
2 0.608887 0.446289 0.65625 0.446289 0.65625 0.368164 0.608887 0.368164 0.608887 0.446289
2 0.588379 0.44043 0.616699 0.44043 0.616699 0.371094 0.588379 0.371094 0.588379 0.44043
2 0.5600590000000001 0.43164100000000005 0.591797 0.43164100000000005 0.591797 0.375977 0.5600590000000001 0.375977 0.5600590000000001 0.43164100000000005
1 0.665869 0.514902 0.693584 0.514902 0.693584 0.319492 0.665869 0.319492 0.665869 0.514902
2 0.498047 0.408203 0.519043 0.408203 0.519043 0.37207 0.498047 0.37207 0.498047 0.408203
4 0.42529300000000003 0.42089800000000005 0.46728500000000006 0.42089800000000005 0.46728500000000006 0.336914 0.42529300000000003 0.336914 0.42529300000000003 0.42089800000000005
0 0.46289100000000005 0.41699200000000003 0.477051 0.41699200000000003 0.477051 0.350586 0.46289100000000005 0.350586 0.46289100000000005 0.41699200000000003