2 0.6069340000000001 0.461914 0.6538090000000001 0.461914 0.6538090000000001 0.37207 0.6069340000000001 0.37207 0.6069340000000001 0.461914
2 0.384766 0.44531200000000004 0.43896499999999994 0.44531200000000004 0.43896499999999994 0.355469 0.384766 0.355469 0.384766 0.44531200000000004
4 0.166016 0.5849610000000001 0.379883 0.5849610000000001 0.379883 0.150391 0.166016 0.150391 0.166016 0.5849610000000001
1 0.885254 0.533203 0.937012 0.533203 0.937012 0.376953 0.885254 0.376953 0.885254 0.533203
2 0.634277 0.493164 0.719727 0.493164 0.719727 0.370117 0.634277 0.370117 0.634277 0.493164
2 0.113281 0.536133 0.171387 0.536133 0.171387 0.316406 0.113281 0.316406 0.113281 0.536133
0 0.14453100000000002 0.543945 0.17626999999999998 0.543945 0.17626999999999998 0.298828 0.14453100000000002 0.298828 0.14453100000000002 0.543945
2 0.524902 0.49707 0.620117 0.49707 0.620117 0.362305 0.524902 0.362305 0.524902 0.49707
2 0.702637 0.526367 0.864746 0.526367 0.864746 0.36718799999999996 0.702637 0.36718799999999996 0.702637 0.526367
2 0.000488 0.646484 0.144043 0.646484 0.144043 0.21581999999999998 0.000488 0.21581999999999998 0.000488 0.646484
0 0.7475590000000001 0.547852 0.78125 0.547852 0.78125 0.333984 0.7475590000000001 0.333984 0.7475590000000001 0.547852