0 0.11230500000000002 0.355469 0.139648 0.355469 0.139648 0.267578 0.11230500000000002 0.267578 0.11230500000000002 0.355469
2 0.712891 0.493164 0.770508 0.493164 0.770508 0.394531 0.712891 0.394531 0.712891 0.493164
2 0.6787110000000001 0.475586 0.7358399999999999 0.475586 0.7358399999999999 0.38281200000000004 0.6787110000000001 0.38281200000000004 0.6787110000000001 0.475586
4 1 0.232422 0.879395 0.232422 0.879395 0.588867 1 0.588867 1 0.232422
0 0.06689500000000001 0.388672 0.11914100000000001 0.388672 0.11914100000000001 0.259766 0.06689500000000001 0.259766 0.06689500000000001 0.388672
2 0.361328 0.482422 0.40771499999999994 0.482422 0.40771499999999994 0.375977 0.361328 0.375977 0.361328 0.482422
2 0.300781 0.50293 0.379883 0.50293 0.379883 0.37207 0.300781 0.37207 0.300781 0.50293
2 0.780762 0.536133 0.892578 0.536133 0.892578 0.390625 0.780762 0.390625 0.780762 0.536133
2 0.24365199999999998 0.530273 0.347656 0.530273 0.347656 0.38281200000000004 0.24365199999999998 0.38281200000000004 0.24365199999999998 0.530273
2 0.000488 0.732422 0.120117 0.732422 0.120117 0.362305 0.000488 0.362305 0.000488 0.732422
2 0.058594 0.629883 0.265137 0.629883 0.265137 0.354492 0.058594 0.354492 0.058594 0.629883
0 0.217285 0.397461 0.23730500000000002 0.397461 0.23730500000000002 0.339844 0.217285 0.339844 0.217285 0.397461
0 0.276367 0.383789 0.290527 0.383789 0.290527 0.349609 0.276367 0.349609 0.276367 0.383789
0 0.299805 0.379883 0.317871 0.379883 0.317871 0.342773 0.299805 0.342773 0.299805 0.379883
2 0.621094 0.44335899999999995 0.639648 0.44335899999999995 0.639648 0.381836 0.621094 0.381836 0.621094 0.44335899999999995
2 0.577148 0.42675799999999997 0.595703 0.42675799999999997 0.595703 0.38281200000000004 0.577148 0.38281200000000004 0.577148 0.42675799999999997
2 0.5952149999999999 0.4375 0.625488 0.4375 0.625488 0.381836 0.5952149999999999 0.381836 0.5952149999999999 0.4375
0 0.023438 0.43652300000000005 0.059082 0.43652300000000005 0.059082 0.338867 0.023438 0.338867 0.023438 0.43652300000000005
4 0.636719 0.46093799999999996 0.746582 0.46093799999999996 0.746582 0.334961 0.636719 0.334961 0.636719 0.46093799999999996
2 0.372559 0.450195 0.42627 0.450195 0.42627 0.355469 0.372559 0.355469 0.372559 0.450195
2 0.762695 0.505859 0.8095700000000001 0.505859 0.8095700000000001 0.385742 0.762695 0.385742 0.762695 0.505859