0 0.34814500000000004 0.457031 0.366211 0.457031 0.366211 0.332031 0.34814500000000004 0.332031 0.34814500000000004 0.457031
0 0.230957 0.496094 0.264648 0.496094 0.264648 0.331055 0.230957 0.331055 0.230957 0.496094
0 0.30127000000000004 0.44726600000000005 0.321777 0.44726600000000005 0.321777 0.348633 0.30127000000000004 0.348633 0.30127000000000004 0.44726600000000005
0 0.851562 0.44043 0.867676 0.44043 0.867676 0.326172 0.851562 0.326172 0.851562 0.44043
0 0.742676 0.449219 0.765137 0.449219 0.765137 0.323242 0.742676 0.323242 0.742676 0.449219
0 0.782227 0.41113299999999997 0.793945 0.41113299999999997 0.793945 0.332031 0.782227 0.332031 0.782227 0.41113299999999997
1 0.013184000000000001 0.568359 0.117188 0.568359 0.117188 0.40039100000000005 0.013184000000000001 0.40039100000000005 0.013184000000000001 0.568359
0 0.86377 0.439453 0.882812 0.439453 0.882812 0.317383 0.86377 0.317383 0.86377 0.439453
0 0.07372999999999999 0.466797 0.105957 0.466797 0.105957 0.34375 0.07372999999999999 0.34375 0.07372999999999999 0.466797
2 0.46289100000000005 0.536133 0.590332 0.536133 0.590332 0.34375 0.46289100000000005 0.34375 0.46289100000000005 0.536133
0 0.336914 0.456055 0.35156200000000004 0.456055 0.35156200000000004 0.33593799999999996 0.336914 0.33593799999999996 0.336914 0.456055
0 0.758491 0.467656 0.788354 0.467656 0.788354 0.319189 0.758491 0.319189 0.758491 0.467656