0 0.276367 0.316406 0.248535 0.316406 0.248535 0.527344 0.276367 0.527344 0.276367 0.316406
0 0.252441 0.325195 0.21386699999999997 0.325195 0.21386699999999997 0.523438 0.252441 0.523438 0.252441 0.325195
2 0.223145 0.366211 0.122559 0.366211 0.122559 0.488281 0.223145 0.488281 0.223145 0.366211
2 0.34716800000000003 0.378906 0.274902 0.378906 0.274902 0.47460899999999995 0.34716800000000003 0.47460899999999995 0.34716800000000003 0.378906
2 0.397461 0.388672 0.33935499999999996 0.388672 0.33935499999999996 0.46972699999999995 0.397461 0.46972699999999995 0.397461 0.388672
2 0.808105 0.366211 0.707031 0.366211 0.707031 0.455078 0.808105 0.455078 0.808105 0.366211
2 0.539551 0.381836 0.500977 0.381836 0.500977 0.44335899999999995 0.539551 0.44335899999999995 0.539551 0.381836
2 0.487305 0.384766 0.45458999999999994 0.384766 0.45458999999999994 0.45800799999999997 0.487305 0.45800799999999997 0.487305 0.384766
2 0.13671899999999998 0.375977 0.000488 0.375977 0.000488 0.491211 0.13671899999999998 0.491211 0.13671899999999998 0.375977
2 0.513672 0.387695 0.480469 0.387695 0.480469 0.45214800000000005 0.513672 0.45214800000000005 0.513672 0.387695
2 0.45752 0.363281 0.366699 0.363281 0.366699 0.466797 0.45752 0.466797 0.45752 0.363281
2 0 0.487305 0.026367 0.487305 0.026367 0.389453 0 0.389453 0 0.487305
2 0.859375 0.368164 0.812012 0.368164 0.812012 0.41601600000000005 0.859375 0.41601600000000005 0.859375 0.368164