0 0 0.47363299999999997 0.025879000000000003 0.47363299999999997 0.025879000000000003 0.350586 0 0.350586 0 0.47363299999999997
2 0.9287110000000001 0.288086 0.693359 0.288086 0.693359 0.6474610000000001 0.9287110000000001 0.6474610000000001 0.9287110000000001 0.288086
2 1 0.250977 0.859863 0.250977 0.859863 0.739258 1 0.739258 1 0.250977
0 0.18359399999999998 0.359375 0.101074 0.359375 0.101074 0.660156 0.18359399999999998 0.660156 0.18359399999999998 0.359375
2 0.7255860000000001 0.381836 0.617676 0.381836 0.617676 0.527344 0.7255860000000001 0.527344 0.7255860000000001 0.381836
2 0.231934 0.41113299999999997 0.000488 0.41113299999999997 0.000488 0.642578 0.231934 0.642578 0.231934 0.41113299999999997
2 0.365234 0.391602 0.297852 0.391602 0.297852 0.501953 0.365234 0.501953 0.365234 0.391602
0 0.062988 0.354492 0.03125 0.354492 0.03125 0.43164100000000005 0.062988 0.43164100000000005 0.062988 0.354492
2 0.310547 0.336914 0.06445300000000001 0.336914 0.06445300000000001 0.577148 0.310547 0.577148 0.310547 0.336914
2 0.574707 0.389648 0.5268550000000001 0.389648 0.5268550000000001 0.46777300000000005 0.574707 0.46777300000000005 0.574707 0.389648
2 0.695312 0.37793 0.6118159999999999 0.37793 0.6118159999999999 0.480469 0.695312 0.480469 0.695312 0.37793
2 0.612305 0.386719 0.5649409999999999 0.386719 0.5649409999999999 0.472656 0.612305 0.472656 0.612305 0.386719
2 0.410645 0.393555 0.383789 0.393555 0.383789 0.43261700000000003 0.410645 0.43261700000000003 0.410645 0.393555
2 0.388184 0.38281200000000004 0.338379 0.38281200000000004 0.338379 0.47949200000000003 0.388184 0.47949200000000003 0.388184 0.38281200000000004
2 0.6430659999999999 0.38281200000000004 0.591797 0.38281200000000004 0.591797 0.47851600000000005 0.6430659999999999 0.47851600000000005 0.6430659999999999 0.38281200000000004
0 0.45068400000000003 0.373047 0.435547 0.373047 0.435547 0.450195 0.45068400000000003 0.450195 0.45068400000000003 0.373047
0 0.46420399999999995 0.377217 0.45055199999999995 0.377217 0.45055199999999995 0.44717799999999996 0.46420399999999995 0.44717799999999996 0.46420399999999995 0.377217