0 1 0.350586 0.974121 0.350586 0.974121 0.47363299999999997 1 0.47363299999999997 1 0.350586
2 0.071289 0.6474610000000001 0.306641 0.6474610000000001 0.306641 0.288086 0.071289 0.288086 0.071289 0.6474610000000001
2 0 0.739258 0.140137 0.739258 0.140137 0.250977 0 0.250977 0 0.739258
0 0.816406 0.660156 0.898926 0.660156 0.898926 0.359375 0.816406 0.359375 0.816406 0.660156
2 0.274414 0.527344 0.382324 0.527344 0.382324 0.381836 0.274414 0.381836 0.274414 0.527344
2 0.7680659999999999 0.642578 0.999512 0.642578 0.999512 0.41113299999999997 0.7680659999999999 0.41113299999999997 0.7680659999999999 0.642578
2 0.634766 0.501953 0.702148 0.501953 0.702148 0.391602 0.634766 0.391602 0.634766 0.501953
0 0.937012 0.43164100000000005 0.96875 0.43164100000000005 0.96875 0.354492 0.937012 0.354492 0.937012 0.43164100000000005
2 0.689453 0.577148 0.935547 0.577148 0.935547 0.336914 0.689453 0.336914 0.689453 0.577148
2 0.42529300000000003 0.46777300000000005 0.473145 0.46777300000000005 0.473145 0.389648 0.42529300000000003 0.389648 0.42529300000000003 0.46777300000000005
2 0.30468799999999996 0.480469 0.388184 0.480469 0.388184 0.37793 0.30468799999999996 0.37793 0.30468799999999996 0.480469
2 0.387695 0.472656 0.43505900000000003 0.472656 0.43505900000000003 0.386719 0.387695 0.386719 0.387695 0.472656
2 0.5893550000000001 0.43261700000000003 0.6162110000000001 0.43261700000000003 0.6162110000000001 0.393555 0.5893550000000001 0.393555 0.5893550000000001 0.43261700000000003
2 0.6118159999999999 0.47949200000000003 0.661621 0.47949200000000003 0.661621 0.38281200000000004 0.6118159999999999 0.38281200000000004 0.6118159999999999 0.47949200000000003
2 0.356934 0.47851600000000005 0.408203 0.47851600000000005 0.408203 0.38281200000000004 0.356934 0.38281200000000004 0.356934 0.47851600000000005
0 0.5493159999999999 0.450195 0.564453 0.450195 0.564453 0.373047 0.5493159999999999 0.373047 0.5493159999999999 0.450195
0 0.535796 0.44717799999999996 0.549448 0.44717799999999996 0.549448 0.377217 0.535796 0.377217 0.535796 0.44717799999999996