2 0.519531 0.364258 0.39502000000000004 0.364258 0.39502000000000004 0.45800799999999997 0.519531 0.45800799999999997 0.519531 0.364258
2 0.946777 0.240234 0.652832 0.240234 0.652832 0.704102 0.946777 0.704102 0.946777 0.240234
2 0.141113 0.396484 0.000488 0.396484 0.000488 0.889648 0.141113 0.889648 0.141113 0.396484
2 0.311035 0.339844 0.049805 0.339844 0.049805 0.697266 0.311035 0.697266 0.311035 0.339844
2 0.999512 0.225586 0.8212889999999999 0.225586 0.8212889999999999 0.8623049999999999 0.999512 0.8623049999999999 0.999512 0.225586
2 0.40283199999999997 0.357422 0.297852 0.357422 0.297852 0.52832 0.40283199999999997 0.52832 0.40283199999999997 0.357422
1 0.455078 0.338867 0.42089800000000005 0.338867 0.42089800000000005 0.5087889999999999 0.455078 0.5087889999999999 0.455078 0.338867
2 0.583984 0.385742 0.541992 0.385742 0.541992 0.444336 0.583984 0.444336 0.583984 0.385742
2 0.42627 0.364258 0.381836 0.364258 0.381836 0.488281 0.42627 0.488281 0.42627 0.364258
2 0.669922 0.374023 0.599609 0.374023 0.599609 0.517578 0.669922 0.517578 0.669922 0.374023
2 0.5200199999999999 0.366211 0.44824200000000003 0.366211 0.44824200000000003 0.456055 0.5200199999999999 0.456055 0.5200199999999999 0.366211
2 0.08740200000000001 0.365234 0.029297 0.365234 0.029297 0.47949200000000003 0.08740200000000001 0.47949200000000003 0.08740200000000001 0.365234
2 0.626953 0.371094 0.583008 0.371094 0.583008 0.5 0.626953 0.5 0.626953 0.371094
2 0.677246 0.383789 0.617676 0.383789 0.617676 0.549805 0.677246 0.549805 0.677246 0.383789