2 0.480469 0.45800799999999997 0.6049800000000001 0.45800799999999997 0.6049800000000001 0.364258 0.480469 0.364258 0.480469 0.45800799999999997
2 0.053223 0.704102 0.34716800000000003 0.704102 0.34716800000000003 0.240234 0.053223 0.240234 0.053223 0.704102
2 0.858887 0.889648 0.999512 0.889648 0.999512 0.396484 0.858887 0.396484 0.858887 0.889648
2 0.6889649999999999 0.697266 0.9501950000000001 0.697266 0.9501950000000001 0.339844 0.6889649999999999 0.339844 0.6889649999999999 0.697266
2 0.000488 0.8623049999999999 0.178711 0.8623049999999999 0.178711 0.225586 0.000488 0.225586 0.000488 0.8623049999999999
2 0.597168 0.52832 0.702148 0.52832 0.702148 0.357422 0.597168 0.357422 0.597168 0.52832
1 0.544922 0.5087889999999999 0.579102 0.5087889999999999 0.579102 0.338867 0.544922 0.338867 0.544922 0.5087889999999999
2 0.41601600000000005 0.444336 0.45800799999999997 0.444336 0.45800799999999997 0.385742 0.41601600000000005 0.385742 0.41601600000000005 0.444336
2 0.5737300000000001 0.488281 0.6181639999999999 0.488281 0.6181639999999999 0.364258 0.5737300000000001 0.364258 0.5737300000000001 0.488281
2 0.330078 0.517578 0.40039100000000005 0.517578 0.40039100000000005 0.374023 0.330078 0.374023 0.330078 0.517578
2 0.47998 0.456055 0.551758 0.456055 0.551758 0.366211 0.47998 0.366211 0.47998 0.456055
2 0.912598 0.47949200000000003 0.970703 0.47949200000000003 0.970703 0.365234 0.912598 0.365234 0.912598 0.47949200000000003
2 0.373047 0.5 0.41699200000000003 0.5 0.41699200000000003 0.371094 0.373047 0.371094 0.373047 0.5
2 0.322754 0.549805 0.382324 0.549805 0.382324 0.383789 0.322754 0.383789 0.322754 0.549805