2 0.594238 0.496094 0.7006840000000001 0.496094 0.7006840000000001 0.383789 0.594238 0.383789 0.594238 0.496094
0 0.250488 0.5556639999999999 0.296875 0.5556639999999999 0.296875 0.302734 0.250488 0.302734 0.250488 0.5556639999999999
0 0.303223 0.546875 0.341309 0.546875 0.341309 0.333008 0.303223 0.333008 0.303223 0.546875
2 0.5639649999999999 0.475586 0.599609 0.475586 0.599609 0.41699200000000003 0.5639649999999999 0.41699200000000003 0.5639649999999999 0.475586
0 0.19921899999999998 0.548828 0.232422 0.548828 0.232422 0.322266 0.19921899999999998 0.322266 0.19921899999999998 0.548828
0 0.7827149999999999 0.48339800000000005 0.7983399999999999 0.48339800000000005 0.7983399999999999 0.393555 0.7827149999999999 0.393555 0.7827149999999999 0.48339800000000005
0 0.341797 0.507812 0.365723 0.507812 0.365723 0.375 0.341797 0.375 0.341797 0.507812
0 0.755859 0.481445 0.7700199999999999 0.481445 0.7700199999999999 0.396484 0.755859 0.396484 0.755859 0.481445
0 0.734375 0.47363299999999997 0.74707 0.47363299999999997 0.74707 0.40039100000000005 0.734375 0.40039100000000005 0.734375 0.47363299999999997
0 0.37793 0.49511700000000003 0.395508 0.49511700000000003 0.395508 0.368164 0.37793 0.368164 0.37793 0.49511700000000003
0 0.36084 0.5087889999999999 0.38281200000000004 0.5087889999999999 0.38281200000000004 0.40136700000000003 0.36084 0.40136700000000003 0.36084 0.5087889999999999