0 0.402344 0.480469 0.41943400000000003 0.480469 0.41943400000000003 0.392578 0.402344 0.392578 0.402344 0.480469
2 0.6733399999999999 0.455078 0.7055659999999999 0.455078 0.7055659999999999 0.40625 0.6733399999999999 0.40625 0.6733399999999999 0.455078
0 0.166016 0.549805 0.197754 0.549805 0.197754 0.328125 0.166016 0.328125 0.166016 0.549805
0 0.351074 0.48339800000000005 0.370117 0.48339800000000005 0.370117 0.381836 0.351074 0.381836 0.351074 0.48339800000000005
2 0.644531 0.446289 0.667969 0.446289 0.667969 0.413086 0.644531 0.413086 0.644531 0.446289
0 0.464844 0.44043 0.472656 0.44043 0.472656 0.394531 0.464844 0.394531 0.464844 0.44043
2 0.661133 0.451172 0.679199 0.451172 0.679199 0.41406200000000004 0.661133 0.41406200000000004 0.661133 0.451172
2 0.793945 0.5087889999999999 0.888672 0.5087889999999999 0.888672 0.41601600000000005 0.793945 0.41601600000000005 0.793945 0.5087889999999999
0 0.21386699999999997 0.5556639999999999 0.245605 0.5556639999999999 0.245605 0.339844 0.21386699999999997 0.339844 0.21386699999999997 0.5556639999999999
0 0.137207 0.566406 0.178711 0.566406 0.178711 0.302734 0.137207 0.302734 0.137207 0.566406
2 0.756348 0.487305 0.805176 0.487305 0.805176 0.40918 0.756348 0.40918 0.756348 0.487305
0 0.374512 0.488281 0.392578 0.488281 0.392578 0.385742 0.374512 0.385742 0.374512 0.488281