0 0.322266 0.360352 0.28906200000000004 0.360352 0.28906200000000004 0.532227 0.322266 0.532227 0.322266 0.360352
2 0.647949 0.369141 0.487305 0.369141 0.487305 0.611328 0.647949 0.611328 0.647949 0.369141
2 0.7768550000000001 0.390625 0.681641 0.390625 0.681641 0.5068360000000001 0.7768550000000001 0.5068360000000001 0.7768550000000001 0.390625
0 0.253906 0.354492 0.224609 0.354492 0.224609 0.530273 0.253906 0.530273 0.253906 0.354492
1 0.130371 0.43457 0.09668 0.43457 0.09668 0.543945 0.130371 0.543945 0.130371 0.43457
3 0.449219 0.417969 0.369629 0.417969 0.369629 0.507812 0.449219 0.507812 0.449219 0.417969
0 0.8569340000000001 0.366211 0.8388669999999999 0.366211 0.8388669999999999 0.504883 0.8569340000000001 0.504883 0.8569340000000001 0.366211
2 0.701172 0.397461 0.668457 0.397461 0.668457 0.477539 0.701172 0.477539 0.701172 0.397461
0 0.333984 0.359375 0.30957 0.359375 0.30957 0.517578 0.333984 0.517578 0.333984 0.359375
0 0.20947300000000002 0.365234 0.1875 0.365234 0.1875 0.525391 0.20947300000000002 0.525391 0.20947300000000002 0.365234
0 0.15625 0.331055 0.10620099999999999 0.331055 0.10620099999999999 0.570312 0.15625 0.570312 0.15625 0.331055
0 0.17968800000000001 0.333008 0.140137 0.333008 0.140137 0.566406 0.17968800000000001 0.566406 0.17968800000000001 0.333008
0 0.287109 0.360352 0.258789 0.360352 0.258789 0.526367 0.287109 0.526367 0.287109 0.360352
0 0.8256840000000001 0.361328 0.8037110000000001 0.361328 0.8037110000000001 0.5 0.8256840000000001 0.5 0.8256840000000001 0.361328
0 0.23046899999999998 0.364258 0.20849600000000001 0.364258 0.20849600000000001 0.532227 0.23046899999999998 0.532227 0.23046899999999998 0.364258
0 0.197754 0.356445 0.166992 0.356445 0.166992 0.533203 0.197754 0.533203 0.197754 0.356445