0 0.677734 0.532227 0.710938 0.532227 0.710938 0.360352 0.677734 0.360352 0.677734 0.532227
2 0.352051 0.611328 0.512695 0.611328 0.512695 0.369141 0.352051 0.369141 0.352051 0.611328
2 0.223145 0.5068360000000001 0.318359 0.5068360000000001 0.318359 0.390625 0.223145 0.390625 0.223145 0.5068360000000001
0 0.746094 0.530273 0.775391 0.530273 0.775391 0.354492 0.746094 0.354492 0.746094 0.530273
1 0.869629 0.543945 0.9033200000000001 0.543945 0.9033200000000001 0.43457 0.869629 0.43457 0.869629 0.543945
3 0.550781 0.507812 0.630371 0.507812 0.630371 0.417969 0.550781 0.417969 0.550781 0.507812
0 0.143066 0.504883 0.161133 0.504883 0.161133 0.366211 0.143066 0.366211 0.143066 0.504883
2 0.298828 0.477539 0.33154300000000003 0.477539 0.33154300000000003 0.397461 0.298828 0.397461 0.298828 0.477539
0 0.666016 0.517578 0.69043 0.517578 0.69043 0.359375 0.666016 0.359375 0.666016 0.517578
0 0.790527 0.525391 0.8125 0.525391 0.8125 0.365234 0.790527 0.365234 0.790527 0.525391
0 0.84375 0.570312 0.8937989999999999 0.570312 0.8937989999999999 0.331055 0.84375 0.331055 0.84375 0.570312
0 0.820312 0.566406 0.859863 0.566406 0.859863 0.333008 0.820312 0.333008 0.820312 0.566406
0 0.712891 0.526367 0.7412110000000001 0.526367 0.7412110000000001 0.360352 0.712891 0.360352 0.712891 0.526367
0 0.174316 0.5 0.196289 0.5 0.196289 0.361328 0.174316 0.361328 0.174316 0.5
0 0.769531 0.532227 0.791504 0.532227 0.791504 0.364258 0.769531 0.364258 0.769531 0.532227
0 0.802246 0.533203 0.8330080000000001 0.533203 0.8330080000000001 0.356445 0.802246 0.356445 0.802246 0.533203