2 0.646484 0.588867 0.8461909999999999 0.588867 0.8461909999999999 0.279297 0.646484 0.279297 0.646484 0.588867
2 0.42041000000000006 0.45214800000000005 0.44531200000000004 0.45214800000000005 0.44531200000000004 0.40332 0.42041000000000006 0.40332 0.42041000000000006 0.45214800000000005
2 0.6118159999999999 0.525391 0.660156 0.525391 0.660156 0.379883 0.6118159999999999 0.379883 0.6118159999999999 0.525391
2 0.562012 0.48535199999999995 0.5981449999999999 0.48535199999999995 0.5981449999999999 0.379883 0.562012 0.379883 0.562012 0.48535199999999995
2 0.5893550000000001 0.5068360000000001 0.6630860000000001 0.5068360000000001 0.6630860000000001 0.348633 0.5893550000000001 0.348633 0.5893550000000001 0.5068360000000001
1 0.5424800000000001 0.490723 0.5639649999999999 0.490723 0.5639649999999999 0.371094 0.5424800000000001 0.371094 0.5424800000000001 0.490723
2 0.000488 0.688477 0.188965 0.688477 0.188965 0.279297 0.000488 0.279297 0.000488 0.688477
1 0.8964840000000001 0.570312 0.97998 0.570312 0.97998 0.40039100000000005 0.8964840000000001 0.40039100000000005 0.8964840000000001 0.570312
6 0.264648 0.518555 0.399414 0.518555 0.399414 0.266602 0.264648 0.266602 0.264648 0.518555
2 0.393555 0.459961 0.42968799999999996 0.459961 0.42968799999999996 0.404297 0.393555 0.404297 0.393555 0.459961
0 0.8525389999999999 0.5380860000000001 0.892578 0.5380860000000001 0.892578 0.329102 0.8525389999999999 0.329102 0.8525389999999999 0.5380860000000001
2 0.449219 0.48339800000000005 0.510254 0.48339800000000005 0.510254 0.395508 0.449219 0.395508 0.449219 0.48339800000000005