0 0.49511700000000003 0.470703 0.5112300000000001 0.470703 0.5112300000000001 0.350586 0.49511700000000003 0.350586 0.49511700000000003 0.470703
1 0.5849610000000001 0.49218799999999996 0.624512 0.49218799999999996 0.624512 0.40722699999999995 0.5849610000000001 0.40722699999999995 0.5849610000000001 0.49218799999999996
0 0.091309 0.59082 0.208154 0.59082 0.208154 0.287109 0.091309 0.287109 0.091309 0.59082
0 0.8378909999999999 0.446289 0.858398 0.446289 0.858398 0.337891 0.8378909999999999 0.337891 0.8378909999999999 0.446289
0 0.328125 0.404297 0.343262 0.404297 0.343262 0.355469 0.328125 0.355469 0.328125 0.404297
0 0.455078 0.45898399999999995 0.47021499999999994 0.45898399999999995 0.47021499999999994 0.358398 0.455078 0.358398 0.455078 0.45898399999999995
0 0.388672 0.46289100000000005 0.40332 0.46289100000000005 0.40332 0.363281 0.388672 0.363281 0.388672 0.46289100000000005
1 0.353027 0.47656200000000004 0.376953 0.47656200000000004 0.376953 0.397461 0.353027 0.397461 0.353027 0.47656200000000004
0 0.08740200000000001 0.46777300000000005 0.126465 0.46777300000000005 0.126465 0.282227 0.08740200000000001 0.282227 0.08740200000000001 0.46777300000000005
0 0.449219 0.46289100000000005 0.460449 0.46289100000000005 0.460449 0.365234 0.449219 0.365234 0.449219 0.46289100000000005
0 0.644531 0.42773399999999995 0.666504 0.42773399999999995 0.666504 0.364258 0.644531 0.364258 0.644531 0.42773399999999995
1 0.718262 0.6025389999999999 0.8715820000000001 0.6025389999999999 0.8715820000000001 0.430664 0.718262 0.430664 0.718262 0.6025389999999999
1 0.383789 0.47168 0.42724599999999996 0.47168 0.42724599999999996 0.418945 0.383789 0.418945 0.383789 0.47168
0 0.47168 0.457031 0.48681599999999997 0.457031 0.48681599999999997 0.36718799999999996 0.47168 0.36718799999999996 0.47168 0.457031
0 0.762207 0.43457 0.7827149999999999 0.43457 0.7827149999999999 0.331055 0.762207 0.331055 0.762207 0.43457
0 0.9287110000000001 0.48925799999999997 0.9580080000000001 0.48925799999999997 0.9580080000000001 0.333984 0.9287110000000001 0.333984 0.9287110000000001 0.48925799999999997
0 0.155273 0.451172 0.180176 0.451172 0.180176 0.34375 0.155273 0.34375 0.155273 0.451172
2 0.172607 0.519043 0.363525 0.519043 0.363525 0.35497999999999996 0.172607 0.35497999999999996 0.172607 0.519043
2 0.000488 0.644531 0.125977 0.644531 0.125977 0.310547 0.000488 0.310547 0.000488 0.644531