0 0.437012 0.290039 0.401855 0.290039 0.401855 0.671875 0.437012 0.671875 0.437012 0.290039
0 0.26220699999999997 0.279297 0.192383 0.279297 0.192383 0.679688 0.26220699999999997 0.679688 0.26220699999999997 0.279297
0 0.873047 0.30957 0.7944340000000001 0.30957 0.7944340000000001 0.6494139999999999 0.873047 0.6494139999999999 0.873047 0.30957
0 0.370117 0.290039 0.299316 0.290039 0.299316 0.720703 0.370117 0.720703 0.370117 0.290039
0 0.424805 0.266602 0.361328 0.266602 0.361328 0.698242 0.424805 0.698242 0.424805 0.266602
1 0.11914100000000001 0.410156 0.043945 0.410156 0.043945 0.664062 0.11914100000000001 0.664062 0.11914100000000001 0.410156
0 0.194336 0.307617 0.130859 0.307617 0.130859 0.615234 0.194336 0.615234 0.194336 0.307617
0 0.717773 0.321289 0.6606449999999999 0.321289 0.6606449999999999 0.657227 0.717773 0.657227 0.717773 0.321289
0 0.746582 0.30957 0.690918 0.30957 0.690918 0.646484 0.746582 0.646484 0.746582 0.30957
0 0.583008 0.28906200000000004 0.534668 0.28906200000000004 0.534668 0.671875 0.583008 0.671875 0.583008 0.28906200000000004
0 0.9111330000000001 0.321289 0.850098 0.321289 0.850098 0.637695 0.9111330000000001 0.637695 0.9111330000000001 0.321289
0 0.6518550000000001 0.296875 0.6049800000000001 0.296875 0.6049800000000001 0.65918 0.6518550000000001 0.65918 0.6518550000000001 0.296875
0 0.14501999999999998 0.391602 0.106934 0.391602 0.106934 0.583984 0.14501999999999998 0.583984 0.14501999999999998 0.391602
0 0.634277 0.375977 0.5849610000000001 0.375977 0.5849610000000001 0.668945 0.634277 0.668945 0.634277 0.375977
0 0.10584 0.26458 0.051234999999999996 0.26458 0.051234999999999996 0.602471 0.10584 0.602471 0.10584 0.26458