2 0.513218 0.6225780000000001 0.651094 0.6225780000000001 0.651094 0.416621 0.513218 0.416621 0.513218 0.6225780000000001
2 0.389814 0.556201 0.476626 0.556201 0.476626 0.42683600000000005 0.389814 0.42683600000000005 0.389814 0.556201
0 0.42215299999999994 0.6396 0.46385699999999996 0.6396 0.46385699999999996 0.351943 0.42215299999999994 0.351943 0.42215299999999994 0.6396
0 0.375347 0.646416 0.428965 0.646416 0.428965 0.351943 0.375347 0.351943 0.375347 0.646416
0 0.20683600000000002 0.6225780000000001 0.279175 0.6225780000000001 0.279175 0.32470699999999997 0.20683600000000002 0.32470699999999997 0.20683600000000002 0.6225780000000001
0 0.192368 0.627686 0.255371 0.627686 0.255371 0.29918 0.192368 0.29918 0.192368 0.627686
0 0.325137 0.534072 0.359175 0.534072 0.359175 0.413223 0.325137 0.413223 0.325137 0.534072
0 0.348965 0.501729 0.364282 0.501729 0.364282 0.420029 0.348965 0.420029 0.348965 0.501729
1 0.360879 0.522158 0.38045399999999996 0.522158 0.38045399999999996 0.43024399999999996 0.360879 0.43024399999999996 0.360879 0.522158
1 0.149814 0.6123730000000001 0.20939000000000002 0.6123730000000001 0.20939000000000002 0.41151400000000005 0.149814 0.41151400000000005 0.149814 0.6123730000000001
2 0.479175 0.522158 0.524282 0.522158 0.524282 0.450664 0.479175 0.450664 0.479175 0.522158