3 0.805176 0.450195 0.8247070000000001 0.450195 0.8247070000000001 0.317383 0.805176 0.317383 0.805176 0.450195
3 0.18310500000000002 0.41210899999999995 0.206543 0.41210899999999995 0.206543 0.329102 0.18310500000000002 0.329102 0.18310500000000002 0.41210899999999995
0 0.359863 0.39843799999999996 0.399902 0.39843799999999996 0.399902 0.328125 0.359863 0.328125 0.359863 0.39843799999999996
3 0.459961 0.619141 0.5327149999999999 0.619141 0.5327149999999999 0.23925800000000003 0.459961 0.23925800000000003 0.459961 0.619141
3 0.385254 0.702148 0.45458999999999994 0.702148 0.45458999999999994 0.34082 0.385254 0.34082 0.385254 0.702148
3 0.325684 0.598633 0.386719 0.598633 0.386719 0.279297 0.325684 0.279297 0.325684 0.598633
3 0.624023 0.679688 0.726074 0.679688 0.726074 0.32031200000000004 0.624023 0.32031200000000004 0.624023 0.679688
3 0.742676 0.45800799999999997 0.7700199999999999 0.45800799999999997 0.7700199999999999 0.30468799999999996 0.742676 0.30468799999999996 0.742676 0.45800799999999997
3 0.772949 0.45214800000000005 0.797852 0.45214800000000005 0.797852 0.294922 0.772949 0.294922 0.772949 0.45214800000000005
3 0.6694340000000001 0.6474610000000001 0.751953 0.6474610000000001 0.751953 0.241211 0.6694340000000001 0.241211 0.6694340000000001 0.6474610000000001
3 0.029785 0.397461 0.046387 0.397461 0.046387 0.311523 0.029785 0.311523 0.029785 0.397461
3 0.604004 0.446289 0.625488 0.446289 0.625488 0.319336 0.604004 0.319336 0.604004 0.446289
3 0.619141 0.44824200000000003 0.643555 0.44824200000000003 0.643555 0.305664 0.619141 0.305664 0.619141 0.44824200000000003
0 0.31591800000000003 0.375 0.338867 0.375 0.338867 0.324219 0.31591800000000003 0.324219 0.31591800000000003 0.375
3 0.8212889999999999 0.45410199999999995 0.839844 0.45410199999999995 0.839844 0.3125 0.8212889999999999 0.3125 0.8212889999999999 0.45410199999999995