3 0.194824 0.317383 0.175293 0.317383 0.175293 0.450195 0.194824 0.450195 0.194824 0.317383
3 0.816895 0.329102 0.793457 0.329102 0.793457 0.41210899999999995 0.816895 0.41210899999999995 0.816895 0.329102
0 0.640137 0.328125 0.600098 0.328125 0.600098 0.39843799999999996 0.640137 0.39843799999999996 0.640137 0.328125
3 0.5400389999999999 0.23925800000000003 0.46728500000000006 0.23925800000000003 0.46728500000000006 0.619141 0.5400389999999999 0.619141 0.5400389999999999 0.23925800000000003
3 0.614746 0.34082 0.5454100000000001 0.34082 0.5454100000000001 0.702148 0.614746 0.702148 0.614746 0.34082
3 0.6743159999999999 0.279297 0.613281 0.279297 0.613281 0.598633 0.6743159999999999 0.598633 0.6743159999999999 0.279297
3 0.375977 0.32031200000000004 0.273926 0.32031200000000004 0.273926 0.679688 0.375977 0.679688 0.375977 0.32031200000000004
3 0.257324 0.30468799999999996 0.22998 0.30468799999999996 0.22998 0.45800799999999997 0.257324 0.45800799999999997 0.257324 0.30468799999999996
3 0.22705099999999998 0.294922 0.202148 0.294922 0.202148 0.45214800000000005 0.22705099999999998 0.45214800000000005 0.22705099999999998 0.294922
3 0.330566 0.241211 0.248047 0.241211 0.248047 0.6474610000000001 0.330566 0.6474610000000001 0.330566 0.241211
3 0.9702149999999999 0.311523 0.953613 0.311523 0.953613 0.397461 0.9702149999999999 0.397461 0.9702149999999999 0.311523
3 0.395996 0.319336 0.374512 0.319336 0.374512 0.446289 0.395996 0.446289 0.395996 0.319336
3 0.380859 0.305664 0.356445 0.305664 0.356445 0.44824200000000003 0.380859 0.44824200000000003 0.380859 0.305664
0 0.684082 0.324219 0.661133 0.324219 0.661133 0.375 0.684082 0.375 0.684082 0.324219
3 0.178711 0.3125 0.16015600000000002 0.3125 0.16015600000000002 0.45410199999999995 0.178711 0.45410199999999995 0.178711 0.3125