0 0.360352 0.395508 0.23730500000000002 0.395508 0.23730500000000002 0.5556639999999999 0.360352 0.5556639999999999 0.360352 0.395508
0 0.42724599999999996 0.410156 0.391602 0.410156 0.391602 0.45410199999999995 0.42724599999999996 0.45410199999999995 0.42724599999999996 0.410156
0 0.397949 0.41699200000000003 0.351074 0.41699200000000003 0.351074 0.46289100000000005 0.397949 0.46289100000000005 0.397949 0.41699200000000003
0 0.466797 0.40332 0.449219 0.40332 0.449219 0.43847699999999995 0.466797 0.43847699999999995 0.466797 0.40332
0 0.5297850000000001 0.390625 0.491699 0.390625 0.491699 0.455078 0.5297850000000001 0.455078 0.5297850000000001 0.390625
5 0.579102 0.339844 0.530273 0.339844 0.530273 0.4375 0.579102 0.4375 0.579102 0.339844
5 0.664551 0.283203 0.592773 0.283203 0.592773 0.459961 0.664551 0.459961 0.664551 0.283203
0 0.585938 0.394531 0.541016 0.394531 0.541016 0.46289100000000005 0.585938 0.46289100000000005 0.585938 0.394531
0 0.166504 0.369141 0.000488 0.369141 0.000488 0.708984 0.166504 0.708984 0.166504 0.369141
5 0.999512 0.070312 0.6733399999999999 0.070312 0.6733399999999999 0.533203 0.999512 0.533203 0.999512 0.070312
0 0.247559 0.378906 0.106934 0.378906 0.106934 0.615234 0.247559 0.615234 0.247559 0.378906