0 0.639648 0.5556639999999999 0.762695 0.5556639999999999 0.762695 0.395508 0.639648 0.395508 0.639648 0.5556639999999999
0 0.572754 0.45410199999999995 0.608398 0.45410199999999995 0.608398 0.410156 0.572754 0.410156 0.572754 0.45410199999999995
0 0.602051 0.46289100000000005 0.648926 0.46289100000000005 0.648926 0.41699200000000003 0.602051 0.41699200000000003 0.602051 0.46289100000000005
0 0.533203 0.43847699999999995 0.550781 0.43847699999999995 0.550781 0.40332 0.533203 0.40332 0.533203 0.43847699999999995
0 0.47021499999999994 0.455078 0.508301 0.455078 0.508301 0.390625 0.47021499999999994 0.390625 0.47021499999999994 0.455078
5 0.42089800000000005 0.4375 0.46972699999999995 0.4375 0.46972699999999995 0.339844 0.42089800000000005 0.339844 0.42089800000000005 0.4375
5 0.335449 0.459961 0.40722699999999995 0.459961 0.40722699999999995 0.283203 0.335449 0.283203 0.335449 0.459961
0 0.41406200000000004 0.46289100000000005 0.45898399999999995 0.46289100000000005 0.45898399999999995 0.394531 0.41406200000000004 0.394531 0.41406200000000004 0.46289100000000005
0 0.833496 0.708984 0.999512 0.708984 0.999512 0.369141 0.833496 0.369141 0.833496 0.708984
5 0.000488 0.533203 0.32666 0.533203 0.32666 0.070312 0.000488 0.070312 0.000488 0.533203
0 0.7524409999999999 0.615234 0.8930659999999999 0.615234 0.8930659999999999 0.378906 0.7524409999999999 0.378906 0.7524409999999999 0.615234