0 0.5766600000000001 0.45800799999999997 0.611328 0.45800799999999997 0.611328 0.392578 0.5766600000000001 0.392578 0.5766600000000001 0.45800799999999997
5 0.369629 0.453125 0.423828 0.453125 0.423828 0.317383 0.369629 0.317383 0.369629 0.453125
0 0.695801 0.498047 0.7700199999999999 0.498047 0.7700199999999999 0.40136700000000003 0.695801 0.40136700000000003 0.695801 0.498047
5 0.14501999999999998 0.48925799999999997 0.319824 0.48925799999999997 0.319824 0.21581999999999998 0.14501999999999998 0.21581999999999998 0.14501999999999998 0.48925799999999997
0 0.784668 0.529297 0.88623 0.529297 0.88623 0.42675799999999997 0.784668 0.42675799999999997 0.784668 0.529297
0 0.338379 0.48535199999999995 0.399414 0.48535199999999995 0.399414 0.395508 0.338379 0.395508 0.338379 0.48535199999999995
5 0.334961 0.404297 0.363281 0.404297 0.363281 0.30957 0.334961 0.30957 0.334961 0.404297
5 0.000488 0.591797 0.182129 0.591797 0.182129 0.134766 0.000488 0.134766 0.000488 0.591797
0 0.43408199999999997 0.45800799999999997 0.47412099999999996 0.45800799999999997 0.47412099999999996 0.392578 0.43408199999999997 0.392578 0.43408199999999997 0.45800799999999997
0 0.878906 0.55957 0.999512 0.55957 0.999512 0.41113299999999997 0.878906 0.41113299999999997 0.878906 0.55957
0 0.6547850000000001 0.482422 0.702148 0.482422 0.702148 0.41601600000000005 0.6547850000000001 0.41601600000000005 0.6547850000000001 0.482422