0 0.235352 0.391602 0.202148 0.391602 0.202148 0.46093799999999996 0.235352 0.46093799999999996 0.235352 0.391602
0 0.134766 0.383789 0.055664000000000005 0.383789 0.055664000000000005 0.48535199999999995 0.134766 0.48535199999999995 0.134766 0.383789
0 1 0.32031200000000004 0.8608399999999999 0.32031200000000004 0.8608399999999999 0.578125 1 0.578125 1 0.32031200000000004
0 0 0.504883 0.083496 0.504883 0.083496 0.40039100000000005 0 0.40039100000000005 0 0.504883
0 0.8872070000000001 0.359375 0.779297 0.359375 0.779297 0.53125 0.8872070000000001 0.53125 0.8872070000000001 0.359375
0 0.8173830000000001 0.360352 0.7299800000000001 0.360352 0.7299800000000001 0.500977 0.8173830000000001 0.500977 0.8173830000000001 0.360352
0 0.335449 0.365234 0.23730500000000002 0.365234 0.23730500000000002 0.5087889999999999 0.335449 0.5087889999999999 0.335449 0.365234
0 0.5610350000000001 0.376953 0.516113 0.376953 0.516113 0.44531200000000004 0.5610350000000001 0.44531200000000004 0.5610350000000001 0.376953
0 0.174316 0.388672 0.130371 0.388672 0.130371 0.47363299999999997 0.174316 0.47363299999999997 0.174316 0.388672
0 0.48535199999999995 0.37793 0.44287099999999996 0.37793 0.44287099999999996 0.446289 0.48535199999999995 0.446289 0.48535199999999995 0.37793
0 0.212891 0.388672 0.166992 0.388672 0.166992 0.46777300000000005 0.212891 0.46777300000000005 0.212891 0.388672
0 0.675781 0.371094 0.6293949999999999 0.371094 0.6293949999999999 0.450195 0.675781 0.450195 0.675781 0.371094
0 0.604492 0.359375 0.5712889999999999 0.359375 0.5712889999999999 0.40625 0.604492 0.40625 0.604492 0.359375
0 0.771973 0.324219 0.6674800000000001 0.324219 0.6674800000000001 0.481445 0.771973 0.481445 0.771973 0.324219
0 0.6474610000000001 0.375977 0.6137699999999999 0.375977 0.6137699999999999 0.44726600000000005 0.6474610000000001 0.44726600000000005 0.6474610000000001 0.375977
0 0.573242 0.373047 0.5454100000000001 0.373047 0.5454100000000001 0.424805 0.573242 0.424805 0.573242 0.373047
1 0.501953 0.333984 0.444336 0.333984 0.444336 0.4375 0.501953 0.4375 0.501953 0.333984
0 0.628418 0.355469 0.604004 0.355469 0.604004 0.396484 0.628418 0.396484 0.628418 0.355469