3 0.493652 0.40918 0.5087889999999999 0.40918 0.5087889999999999 0.327148 0.493652 0.327148 0.493652 0.40918
0 0.726562 0.561523 0.864746 0.561523 0.864746 0.328125 0.726562 0.328125 0.726562 0.561523
1 0.7006840000000001 0.487305 0.832031 0.487305 0.832031 0.16894499999999998 0.7006840000000001 0.16894499999999998 0.7006840000000001 0.487305
0 0.533203 0.533203 0.658203 0.533203 0.658203 0.313477 0.533203 0.313477 0.533203 0.533203
0 0.837402 0.878906 0.999512 0.878906 0.999512 0.282227 0.837402 0.282227 0.837402 0.878906
3 0.14209 0.472656 0.19043000000000002 0.472656 0.19043000000000002 0.3125 0.14209 0.3125 0.14209 0.472656
2 0.404297 0.46386700000000003 0.429199 0.46386700000000003 0.429199 0.366211 0.404297 0.366211 0.404297 0.46386700000000003
3 0.404297 0.451172 0.43457 0.451172 0.43457 0.303711 0.404297 0.303711 0.404297 0.451172
3 0.510742 0.391602 0.524902 0.391602 0.524902 0.331055 0.510742 0.331055 0.510742 0.391602
3 0.10742199999999999 0.46093799999999996 0.141113 0.46093799999999996 0.141113 0.260742 0.10742199999999999 0.260742 0.10742199999999999 0.46093799999999996
0 0.511719 0.44726600000000005 0.550781 0.44726600000000005 0.550781 0.34668 0.511719 0.34668 0.511719 0.44726600000000005