3 0.506348 0.327148 0.491211 0.327148 0.491211 0.40918 0.506348 0.40918 0.506348 0.327148
0 0.27343799999999996 0.328125 0.135254 0.328125 0.135254 0.561523 0.27343799999999996 0.561523 0.27343799999999996 0.328125
1 0.299316 0.16894499999999998 0.16796899999999998 0.16894499999999998 0.16796899999999998 0.487305 0.299316 0.487305 0.299316 0.16894499999999998
0 0.466797 0.313477 0.341797 0.313477 0.341797 0.533203 0.466797 0.533203 0.466797 0.313477
0 0.162598 0.282227 0.000488 0.282227 0.000488 0.878906 0.162598 0.878906 0.162598 0.282227
3 0.8579100000000001 0.3125 0.8095700000000001 0.3125 0.8095700000000001 0.472656 0.8579100000000001 0.472656 0.8579100000000001 0.3125
2 0.595703 0.366211 0.570801 0.366211 0.570801 0.46386700000000003 0.595703 0.46386700000000003 0.595703 0.366211
3 0.595703 0.303711 0.56543 0.303711 0.56543 0.451172 0.595703 0.451172 0.595703 0.303711
3 0.48925799999999997 0.331055 0.475098 0.331055 0.475098 0.391602 0.48925799999999997 0.391602 0.48925799999999997 0.331055
3 0.892578 0.260742 0.858887 0.260742 0.858887 0.46093799999999996 0.892578 0.46093799999999996 0.892578 0.260742
0 0.488281 0.34668 0.449219 0.34668 0.449219 0.44726600000000005 0.488281 0.44726600000000005 0.488281 0.34668