0 0.444336 0.40625 0.381348 0.40625 0.381348 0.503906 0.444336 0.503906 0.444336 0.40625
4 0.562012 0.39843799999999996 0.512695 0.39843799999999996 0.512695 0.556641 0.562012 0.556641 0.562012 0.39843799999999996
0 1 0.399414 0.931152 0.399414 0.931152 0.53418 1 0.53418 1 0.399414
2 0.795898 0.418945 0.687012 0.418945 0.687012 0.558594 0.795898 0.558594 0.795898 0.418945
2 0.835449 0.402344 0.791992 0.402344 0.791992 0.579102 0.835449 0.579102 0.835449 0.402344
2 1 0.43261700000000003 0.984375 0.43261700000000003 0.984375 0.576172 1 0.576172 1 0.43261700000000003
0 0.31689500000000004 0.41699200000000003 0.197266 0.41699200000000003 0.197266 0.53125 0.31689500000000004 0.53125 0.31689500000000004 0.41699200000000003
0 0.530762 0.397461 0.40087900000000004 0.397461 0.40087900000000004 0.5380860000000001 0.530762 0.5380860000000001 0.530762 0.397461
0 0.373047 0.42773399999999995 0.314453 0.42773399999999995 0.314453 0.510742 0.373047 0.510742 0.373047 0.42773399999999995
4 0.676758 0.37793 0.552734 0.37793 0.552734 0.56543 0.676758 0.56543 0.676758 0.37793
0 0.395508 0.428711 0.36718799999999996 0.428711 0.36718799999999996 0.496094 0.395508 0.496094 0.395508 0.428711
4 0.8847659999999999 0.40039100000000005 0.820801 0.40039100000000005 0.820801 0.573242 0.8847659999999999 0.573242 0.8847659999999999 0.40039100000000005
2 0.953613 0.40527300000000005 0.900879 0.40527300000000005 0.900879 0.576172 0.953613 0.576172 0.953613 0.40527300000000005
3 0.219238 0.41601600000000005 0.204102 0.41601600000000005 0.204102 0.46386700000000003 0.219238 0.46386700000000003 0.219238 0.41601600000000005