0 0.6704100000000001 0.496094 0.734375 0.496094 0.734375 0.366211 0.6704100000000001 0.366211 0.6704100000000001 0.496094
0 0.162109 0.573242 0.273926 0.573242 0.273926 0.374023 0.162109 0.374023 0.162109 0.573242
0 0.603516 0.417969 0.621094 0.417969 0.621094 0.380859 0.603516 0.380859 0.603516 0.417969
0 0.618652 0.418945 0.647949 0.418945 0.647949 0.378906 0.618652 0.378906 0.618652 0.418945
0 0.40918 0.43652300000000005 0.441895 0.43652300000000005 0.441895 0.385742 0.40918 0.385742 0.40918 0.43652300000000005
0 0.6391600000000001 0.481445 0.683594 0.481445 0.683594 0.371094 0.6391600000000001 0.371094 0.6391600000000001 0.481445
0 0 0.779297 0.099609 0.779297 0.099609 0.3125 0 0.3125 0 0.779297
0 0.523926 0.424805 0.592773 0.424805 0.592773 0.375977 0.523926 0.375977 0.523926 0.424805
0 0.715332 0.527344 0.8100590000000001 0.527344 0.8100590000000001 0.347656 0.715332 0.347656 0.715332 0.527344
0 0.772949 0.574219 0.9047850000000001 0.574219 0.9047850000000001 0.353516 0.772949 0.353516 0.772949 0.574219
0 0.303223 0.487305 0.373047 0.487305 0.373047 0.368164 0.303223 0.368164 0.303223 0.487305
0 0.215332 0.526367 0.332031 0.526367 0.332031 0.360352 0.215332 0.360352 0.215332 0.526367
0 1 0.350586 0.8818360000000001 0.350586 0.8818360000000001 0.667969 1 0.667969 1 0.350586
0 0.042480000000000004 0.675781 0.188477 0.675781 0.188477 0.34375 0.042480000000000004 0.34375 0.042480000000000004 0.675781