1 0.5297850000000001 0.47656200000000004 0.658203 0.47656200000000004 0.658203 0.352539 0.5297850000000001 0.352539 0.5297850000000001 0.47656200000000004
3 0.299316 0.49902300000000005 0.32031200000000004 0.49902300000000005 0.32031200000000004 0.347656 0.299316 0.347656 0.299316 0.49902300000000005
0 0 0.666016 0.22412100000000001 0.666016 0.22412100000000001 0.349609 0 0.349609 0 0.666016
0 0.617188 0.611328 0.937988 0.611328 0.937988 0.390625 0.617188 0.390625 0.617188 0.611328
0 0.159668 0.585938 0.272461 0.585938 0.272461 0.34082 0.159668 0.34082 0.159668 0.585938
0 0 0.748047 0.08447299999999999 0.748047 0.08447299999999999 0.40136700000000003 0 0.40136700000000003 0 0.748047
0 0.48193400000000003 0.44043 0.515137 0.44043 0.515137 0.394531 0.48193400000000003 0.394531 0.48193400000000003 0.44043
0 0.600098 0.516602 0.6577149999999999 0.516602 0.6577149999999999 0.393555 0.600098 0.393555 0.600098 0.516602
0 0.346191 0.453125 0.384277 0.453125 0.384277 0.388672 0.346191 0.388672 0.346191 0.453125
0 0.504883 0.464844 0.538574 0.464844 0.538574 0.393555 0.504883 0.393555 0.504883 0.464844
0 0.317383 0.46875 0.35497999999999996 0.46875 0.35497999999999996 0.379883 0.317383 0.379883 0.317383 0.46875
0 1 0.42089800000000005 0.9775389999999999 0.42089800000000005 0.9775389999999999 0.581055 1 0.581055 1 0.42089800000000005
0 0.265137 0.486328 0.335449 0.486328 0.335449 0.379883 0.265137 0.379883 0.265137 0.486328
0 0.378906 0.4375 0.399414 0.4375 0.399414 0.394531 0.378906 0.394531 0.378906 0.4375
0 0.40625 0.425781 0.44970699999999997 0.425781 0.44970699999999997 0.394531 0.40625 0.394531 0.40625 0.425781