0 0.8125 0.552734 0.9482419999999999 0.552734 0.9482419999999999 0.362305 0.8125 0.362305 0.8125 0.552734
0 0.223145 0.545898 0.299805 0.545898 0.299805 0.375 0.223145 0.375 0.223145 0.545898
0 0.11230500000000002 0.598633 0.25341800000000003 0.598633 0.25341800000000003 0.348633 0.11230500000000002 0.348633 0.11230500000000002 0.598633
0 0 0.7099610000000001 0.194824 0.7099610000000001 0.194824 0.359375 0 0.359375 0 0.7099610000000001
0 0.700195 0.53418 0.8330080000000001 0.53418 0.8330080000000001 0.347656 0.700195 0.347656 0.700195 0.53418
0 0.628418 0.500977 0.708496 0.500977 0.708496 0.378906 0.628418 0.378906 0.628418 0.500977
5 0.388672 0.451172 0.453125 0.451172 0.453125 0.28418 0.388672 0.28418 0.388672 0.451172
0 0.850098 0.646484 0.999512 0.646484 0.999512 0.362305 0.850098 0.362305 0.850098 0.646484
0 0.548828 0.46093799999999996 0.613281 0.46093799999999996 0.613281 0.359375 0.548828 0.359375 0.548828 0.46093799999999996
0 0.342285 0.44726600000000005 0.373535 0.44726600000000005 0.373535 0.38281200000000004 0.342285 0.38281200000000004 0.342285 0.44726600000000005
0 0.5244139999999999 0.44726600000000005 0.554688 0.44726600000000005 0.554688 0.385742 0.5244139999999999 0.385742 0.5244139999999999 0.44726600000000005
0 0.47949200000000003 0.44335899999999995 0.538574 0.44335899999999995 0.538574 0.386719 0.47949200000000003 0.386719 0.47949200000000003 0.44335899999999995
0 0.307617 0.486328 0.353516 0.486328 0.353516 0.374023 0.307617 0.374023 0.307617 0.486328
0 0.584473 0.46875 0.642578 0.46875 0.642578 0.389648 0.584473 0.389648 0.584473 0.46875
3 0.773926 0.549805 0.804199 0.549805 0.804199 0.337891 0.773926 0.337891 0.773926 0.549805
0 0 0.871094 0.10498 0.871094 0.10498 0.423828 0 0.423828 0 0.871094
0 0.272461 0.511719 0.34033199999999997 0.511719 0.34033199999999997 0.37793 0.272461 0.37793 0.272461 0.511719