0 0.376953 0.46289100000000005 0.40380900000000003 0.46289100000000005 0.40380900000000003 0.38281200000000004 0.376953 0.38281200000000004 0.376953 0.46289100000000005
0 0.236328 0.554688 0.332031 0.554688 0.332031 0.381836 0.236328 0.381836 0.236328 0.554688
0 0.027832000000000003 0.637695 0.265625 0.637695 0.265625 0.30957 0.027832000000000003 0.30957 0.027832000000000003 0.637695
0 0.7055659999999999 0.509766 0.769043 0.509766 0.769043 0.37793 0.7055659999999999 0.37793 0.7055659999999999 0.509766
0 0.645508 0.47851600000000005 0.718262 0.47851600000000005 0.718262 0.364258 0.645508 0.364258 0.645508 0.47851600000000005
5 0.435547 0.44531200000000004 0.5 0.44531200000000004 0.5 0.28418 0.435547 0.28418 0.435547 0.44531200000000004
0 0.302246 0.491211 0.379883 0.491211 0.379883 0.374023 0.302246 0.374023 0.302246 0.491211
0 0.750977 0.525391 0.8066409999999999 0.525391 0.8066409999999999 0.366211 0.750977 0.366211 0.750977 0.525391
0 0.000488 0.811523 0.140137 0.811523 0.140137 0.323242 0.000488 0.323242 0.000488 0.811523
1 1 0.291992 0.800781 0.291992 0.800781 0.581055 1 0.581055 1 0.291992
0 0.5756840000000001 0.446289 0.612305 0.446289 0.612305 0.37793 0.5756840000000001 0.37793 0.5756840000000001 0.446289
0 0.59668 0.456055 0.6293949999999999 0.456055 0.6293949999999999 0.385742 0.59668 0.385742 0.59668 0.456055
3 0.49853500000000006 0.486328 0.525391 0.486328 0.525391 0.355469 0.49853500000000006 0.355469 0.49853500000000006 0.486328
0 0.618652 0.466797 0.654297 0.466797 0.654297 0.383789 0.618652 0.383789 0.618652 0.466797
0 0.516602 0.441406 0.547852 0.441406 0.547852 0.38281200000000004 0.516602 0.38281200000000004 0.516602 0.441406
0 0.32959 0.470703 0.38720699999999997 0.470703 0.38720699999999997 0.371094 0.32959 0.371094 0.32959 0.470703