3 0.000488 0.52832 0.024902 0.52832 0.024902 0.317383 0.000488 0.317383 0.000488 0.52832
2 0.751953 0.546875 0.789062 0.546875 0.789062 0.41210899999999995 0.751953 0.41210899999999995 0.751953 0.546875
3 0.022949 0.55957 0.060058999999999994 0.55957 0.060058999999999994 0.298828 0.022949 0.298828 0.022949 0.55957
0 0.723633 0.49414100000000005 0.835938 0.49414100000000005 0.835938 0.370117 0.723633 0.370117 0.723633 0.49414100000000005
3 0.755859 0.518555 0.7954100000000001 0.518555 0.7954100000000001 0.307617 0.755859 0.307617 0.755859 0.518555
3 0.055664000000000005 0.488281 0.081055 0.488281 0.081055 0.323242 0.055664000000000005 0.323242 0.055664000000000005 0.488281
1 0.5483399999999999 0.44238299999999997 0.588867 0.44238299999999997 0.588867 0.344727 0.5483399999999999 0.344727 0.5483399999999999 0.44238299999999997
0 0.5483399999999999 0.44726600000000005 0.587891 0.44726600000000005 0.587891 0.34375 0.5483399999999999 0.34375 0.5483399999999999 0.44726600000000005
5 0.459961 0.444336 0.527832 0.444336 0.527832 0.270508 0.459961 0.270508 0.459961 0.444336
0 0.8095700000000001 0.560547 0.9580080000000001 0.560547 0.9580080000000001 0.364258 0.8095700000000001 0.364258 0.8095700000000001 0.560547
0 1 0.328125 0.946777 0.328125 0.946777 0.595703 1 0.595703 1 0.328125
0 0.562988 0.480469 0.6474610000000001 0.480469 0.6474610000000001 0.356445 0.562988 0.356445 0.562988 0.480469
3 0.703613 0.496094 0.734863 0.496094 0.734863 0.34375 0.703613 0.34375 0.703613 0.496094
3 0.276367 0.545898 0.31689500000000004 0.545898 0.31689500000000004 0.31543 0.276367 0.31543 0.276367 0.545898
2 0.706055 0.513672 0.733887 0.513672 0.733887 0.408203 0.706055 0.408203 0.706055 0.513672