0 0.038574000000000004 0.482422 0.17578100000000002 0.482422 0.17578100000000002 0.30957 0.038574000000000004 0.30957 0.038574000000000004 0.482422
0 0.536133 0.42773399999999995 0.560547 0.42773399999999995 0.560547 0.381836 0.536133 0.381836 0.536133 0.42773399999999995
0 0.765137 0.53418 0.827637 0.53418 0.827637 0.40136700000000003 0.765137 0.40136700000000003 0.765137 0.53418
0 0.581055 0.455078 0.624023 0.455078 0.624023 0.386719 0.581055 0.386719 0.581055 0.455078
0 0.734863 0.527344 0.803223 0.527344 0.803223 0.392578 0.734863 0.392578 0.734863 0.527344
0 0.44775400000000004 0.417969 0.477051 0.417969 0.477051 0.375 0.44775400000000004 0.375 0.44775400000000004 0.417969
0 0.554199 0.441406 0.600098 0.441406 0.600098 0.378906 0.554199 0.378906 0.554199 0.441406
0 0.604004 0.46777300000000005 0.6474610000000001 0.46777300000000005 0.6474610000000001 0.387695 0.604004 0.387695 0.604004 0.46777300000000005
0 0.312988 0.459961 0.384277 0.459961 0.384277 0.349609 0.312988 0.349609 0.312988 0.459961
0 0.789062 0.558594 0.9785159999999999 0.558594 0.9785159999999999 0.391602 0.789062 0.391602 0.789062 0.558594
0 0.623047 0.542969 0.7431639999999999 0.542969 0.7431639999999999 0.361328 0.623047 0.361328 0.623047 0.542969
0 0.050293 0.59082 0.30127000000000004 0.59082 0.30127000000000004 0.321289 0.050293 0.321289 0.050293 0.59082
0 1 0.40527300000000005 0.851562 0.40527300000000005 0.851562 0.626953 1 0.626953 1 0.40527300000000005