3 0.11084000000000001 0.482422 0.131836 0.482422 0.131836 0.339844 0.11084000000000001 0.339844 0.11084000000000001 0.482422
2 0.655273 0.603516 0.816406 0.603516 0.816406 0.267285 0.655273 0.267285 0.655273 0.603516
3 0.399414 0.589844 0.44970699999999997 0.589844 0.44970699999999997 0.279297 0.399414 0.279297 0.399414 0.589844
3 0.371094 0.566406 0.406738 0.566406 0.406738 0.295898 0.371094 0.295898 0.371094 0.566406
0 0.251465 0.435547 0.291992 0.435547 0.291992 0.376953 0.251465 0.376953 0.251465 0.435547
0 0.475098 0.43652300000000005 0.5668949999999999 0.43652300000000005 0.5668949999999999 0.375977 0.475098 0.375977 0.475098 0.43652300000000005
3 0.598633 0.453125 0.614258 0.453125 0.614258 0.362305 0.598633 0.362305 0.598633 0.453125
3 0.891602 0.439453 0.912598 0.439453 0.912598 0.33593799999999996 0.891602 0.33593799999999996 0.891602 0.439453
0 0.26904300000000003 0.419922 0.32470699999999997 0.419922 0.32470699999999997 0.365234 0.26904300000000003 0.365234 0.26904300000000003 0.419922
0 0.354004 0.415039 0.377441 0.415039 0.377441 0.378906 0.354004 0.378906 0.354004 0.415039
3 0.128418 0.484375 0.14453100000000002 0.484375 0.14453100000000002 0.333984 0.128418 0.333984 0.128418 0.484375