3 0.8891600000000001 0.339844 0.8681639999999999 0.339844 0.8681639999999999 0.482422 0.8891600000000001 0.482422 0.8891600000000001 0.339844
2 0.344727 0.267285 0.18359399999999998 0.267285 0.18359399999999998 0.603516 0.344727 0.603516 0.344727 0.267285
3 0.6005860000000001 0.279297 0.550293 0.279297 0.550293 0.589844 0.6005860000000001 0.589844 0.6005860000000001 0.279297
3 0.628906 0.295898 0.593262 0.295898 0.593262 0.566406 0.628906 0.566406 0.628906 0.295898
0 0.7485350000000001 0.376953 0.708008 0.376953 0.708008 0.435547 0.7485350000000001 0.435547 0.7485350000000001 0.376953
0 0.524902 0.375977 0.433105 0.375977 0.433105 0.43652300000000005 0.524902 0.43652300000000005 0.524902 0.375977
3 0.40136700000000003 0.362305 0.385742 0.362305 0.385742 0.453125 0.40136700000000003 0.453125 0.40136700000000003 0.362305
3 0.108398 0.33593799999999996 0.08740200000000001 0.33593799999999996 0.08740200000000001 0.439453 0.108398 0.439453 0.108398 0.33593799999999996
0 0.730957 0.365234 0.675293 0.365234 0.675293 0.419922 0.730957 0.419922 0.730957 0.365234
0 0.645996 0.378906 0.6225590000000001 0.378906 0.6225590000000001 0.415039 0.645996 0.415039 0.645996 0.378906
3 0.8715820000000001 0.333984 0.855469 0.333984 0.855469 0.484375 0.8715820000000001 0.484375 0.8715820000000001 0.333984