0 0.791992 0.518555 0.8652340000000001 0.518555 0.8652340000000001 0.385742 0.791992 0.385742 0.791992 0.518555
0 0.712402 0.48925799999999997 0.7744139999999999 0.48925799999999997 0.7744139999999999 0.37207 0.712402 0.37207 0.712402 0.48925799999999997
0 0.387695 0.43652300000000005 0.41601600000000005 0.43652300000000005 0.41601600000000005 0.379883 0.387695 0.379883 0.387695 0.43652300000000005
0 0.6474610000000001 0.46093799999999996 0.6943360000000001 0.46093799999999996 0.6943360000000001 0.370117 0.6474610000000001 0.370117 0.6474610000000001 0.46093799999999996
0 0.373047 0.455078 0.398926 0.455078 0.398926 0.381836 0.373047 0.381836 0.373047 0.455078
0 1 0.388672 0.9638669999999999 0.388672 0.9638669999999999 0.583984 1 0.583984 1 0.388672
0 0.551758 0.42773399999999995 0.579102 0.42773399999999995 0.579102 0.380859 0.551758 0.380859 0.551758 0.42773399999999995
0 0.385742 0.444336 0.404297 0.444336 0.404297 0.381836 0.385742 0.381836 0.385742 0.444336
3 0.21142599999999998 0.418945 0.23877 0.418945 0.23877 0.352539 0.21142599999999998 0.352539 0.21142599999999998 0.418945
0 0.534668 0.421875 0.5581050000000001 0.421875 0.5581050000000001 0.381836 0.534668 0.381836 0.534668 0.421875
0 0.5737300000000001 0.4375 0.6108399999999999 0.4375 0.6108399999999999 0.364258 0.5737300000000001 0.364258 0.5737300000000001 0.4375
1 0.6831050000000001 0.46582 0.8466799999999999 0.46582 0.8466799999999999 0.33593799999999996 0.6831050000000001 0.33593799999999996 0.6831050000000001 0.46582
0 0.000488 0.699219 0.21240199999999998 0.699219 0.21240199999999998 0.355469 0.000488 0.355469 0.000488 0.699219
0 0.833496 0.537109 0.999512 0.537109 0.999512 0.360352 0.833496 0.360352 0.833496 0.537109
0 0.282715 0.488281 0.35156200000000004 0.488281 0.35156200000000004 0.365234 0.282715 0.365234 0.282715 0.488281
3 0.243164 0.515625 0.279297 0.515625 0.279297 0.331055 0.243164 0.331055 0.243164 0.515625
0 0.749023 0.498047 0.857422 0.498047 0.857422 0.361328 0.749023 0.361328 0.749023 0.498047
0 0.885254 0.578125 0.999023 0.578125 0.999023 0.378906 0.885254 0.378906 0.885254 0.578125
0 0.13623000000000002 0.503906 0.241211 0.503906 0.241211 0.355469 0.13623000000000002 0.355469 0.13623000000000002 0.503906
3 0.17334 0.496094 0.20849600000000001 0.496094 0.20849600000000001 0.327148 0.17334 0.327148 0.17334 0.496094
0 0.344238 0.47460899999999995 0.38281200000000004 0.47460899999999995 0.38281200000000004 0.373047 0.344238 0.373047 0.344238 0.47460899999999995
0 0.461426 0.419922 0.516113 0.419922 0.516113 0.381836 0.461426 0.381836 0.461426 0.419922