0 0.8159179999999999 0.563477 0.963379 0.563477 0.963379 0.383789 0.8159179999999999 0.383789 0.8159179999999999 0.563477
0 0.338379 0.464844 0.398926 0.464844 0.398926 0.361328 0.338379 0.361328 0.338379 0.464844
3 0.810547 0.47851600000000005 0.8330080000000001 0.47851600000000005 0.8330080000000001 0.371094 0.810547 0.371094 0.810547 0.47851600000000005
3 0.6337889999999999 0.456055 0.645996 0.456055 0.645996 0.384766 0.6337889999999999 0.384766 0.6337889999999999 0.456055
0 0.39209 0.44531200000000004 0.40918 0.44531200000000004 0.40918 0.37793 0.39209 0.37793 0.39209 0.44531200000000004
3 0.7856449999999999 0.48535199999999995 0.8095700000000001 0.48535199999999995 0.8095700000000001 0.378906 0.7856449999999999 0.378906 0.7856449999999999 0.48535199999999995
0 0.929199 0.505859 0.999512 0.505859 0.999512 0.399414 0.929199 0.399414 0.929199 0.505859
0 0.033691 0.669922 0.258789 0.669922 0.258789 0.338867 0.033691 0.338867 0.033691 0.669922
0 0.193359 0.568359 0.341309 0.568359 0.341309 0.353516 0.193359 0.353516 0.193359 0.568359
5 0.49511700000000003 0.455078 0.594727 0.455078 0.594727 0.292969 0.49511700000000003 0.292969 0.49511700000000003 0.455078
0 0.000488 0.771484 0.130859 0.771484 0.130859 0.305664 0.000488 0.305664 0.000488 0.771484
0 0.666016 0.47363299999999997 0.737793 0.47363299999999997 0.737793 0.390625 0.666016 0.390625 0.666016 0.47363299999999997