0 0.118164 0.5244139999999999 0.22705099999999998 0.5244139999999999 0.22705099999999998 0.371094 0.118164 0.371094 0.118164 0.5244139999999999
0 0.7075199999999999 0.75 0.999512 0.75 0.999512 0.198242 0.7075199999999999 0.198242 0.7075199999999999 0.75
0 0.425781 0.433594 0.44726600000000005 0.433594 0.44726600000000005 0.383789 0.425781 0.383789 0.425781 0.433594
3 0.574219 0.43652300000000005 0.5893550000000001 0.43652300000000005 0.5893550000000001 0.332031 0.574219 0.332031 0.574219 0.43652300000000005
0 0.503418 0.410156 0.526367 0.410156 0.526367 0.375 0.503418 0.375 0.503418 0.410156
0 0.399902 0.44726600000000005 0.431152 0.44726600000000005 0.431152 0.376953 0.399902 0.376953 0.399902 0.44726600000000005
0 0.35156200000000004 0.46875 0.41113299999999997 0.46875 0.41113299999999997 0.362305 0.35156200000000004 0.362305 0.35156200000000004 0.46875
0 0.584473 0.523438 0.65332 0.523438 0.65332 0.336914 0.584473 0.336914 0.584473 0.523438
0 0 0.517578 0.108887 0.517578 0.108887 0.362305 0 0.362305 0 0.517578
0 0.618652 0.575195 0.762695 0.575195 0.762695 0.298828 0.618652 0.298828 0.618652 0.575195
0 0.45752 0.43457 0.495605 0.43457 0.495605 0.375977 0.45752 0.375977 0.45752 0.43457
0 0.220703 0.548828 0.375977 0.548828 0.375977 0.332031 0.220703 0.332031 0.220703 0.548828