3 0.999512 0.383789 0.7856449999999999 0.383789 0.7856449999999999 0.7255860000000001 0.999512 0.7255860000000001 0.999512 0.383789
3 0.328125 0.392578 0.164551 0.392578 0.164551 0.604492 0.328125 0.604492 0.328125 0.392578
3 0.216309 0.373047 0.081543 0.373047 0.081543 0.488281 0.216309 0.488281 0.216309 0.373047
0 0.7368159999999999 0.34082 0.691406 0.34082 0.691406 0.55957 0.7368159999999999 0.55957 0.7368159999999999 0.34082
3 0.8725590000000001 0.374023 0.739258 0.374023 0.739258 0.6005860000000001 0.8725590000000001 0.6005860000000001 0.8725590000000001 0.374023
3 0.6962889999999999 0.371094 0.581055 0.371094 0.581055 0.49511700000000003 0.6962889999999999 0.49511700000000003 0.6962889999999999 0.371094
5 0.21386699999999997 0.327148 0.028809 0.327148 0.028809 0.44726600000000005 0.21386699999999997 0.44726600000000005 0.21386699999999997 0.327148
3 0.50293 0.394531 0.47851600000000005 0.394531 0.47851600000000005 0.45214800000000005 0.50293 0.45214800000000005 0.50293 0.394531
5 0.59375 0.333984 0.49511700000000003 0.333984 0.49511700000000003 0.46093799999999996 0.59375 0.46093799999999996 0.59375 0.333984
3 0.589844 0.37793 0.5268550000000001 0.37793 0.5268550000000001 0.46875 0.589844 0.46875 0.589844 0.37793
3 0.834473 0.339844 0.6806639999999999 0.339844 0.6806639999999999 0.510742 0.834473 0.510742 0.834473 0.339844
3 0.48583999999999994 0.397461 0.45752 0.397461 0.45752 0.446289 0.48583999999999994 0.446289 0.48583999999999994 0.397461