3 0.662598 0.49218799999999996 0.7368159999999999 0.49218799999999996 0.7368159999999999 0.392578 0.662598 0.392578 0.662598 0.49218799999999996
3 0.731445 0.47656200000000004 0.7944340000000001 0.47656200000000004 0.7944340000000001 0.394531 0.731445 0.394531 0.731445 0.47656200000000004
3 0.635742 0.477539 0.679199 0.477539 0.679199 0.393555 0.635742 0.393555 0.635742 0.477539
1 0.166016 0.496094 0.19140600000000002 0.496094 0.19140600000000002 0.346777 0.166016 0.346777 0.166016 0.496094
0 0.113281 0.48535199999999995 0.138184 0.48535199999999995 0.138184 0.352539 0.113281 0.352539 0.113281 0.48535199999999995
1 0.21337899999999999 0.48339800000000005 0.23740199999999997 0.48339800000000005 0.23740199999999997 0.36191399999999996 0.21337899999999999 0.36191399999999996 0.21337899999999999 0.48339800000000005
0 0.13769499999999998 0.46777300000000005 0.154297 0.46777300000000005 0.154297 0.344727 0.13769499999999998 0.344727 0.13769499999999998 0.46777300000000005
0 0.30127000000000004 0.449219 0.313477 0.449219 0.313477 0.387695 0.30127000000000004 0.387695 0.30127000000000004 0.449219
0 0.330566 0.450195 0.343262 0.450195 0.343262 0.375 0.330566 0.375 0.330566 0.450195
0 0.344238 0.45800799999999997 0.356934 0.45800799999999997 0.356934 0.375 0.344238 0.375 0.344238 0.45800799999999997
3 0.510742 0.43164100000000005 0.527832 0.43164100000000005 0.527832 0.40527300000000005 0.510742 0.40527300000000005 0.510742 0.43164100000000005