1 0.48779300000000003 0.37832 0.410645 0.37832 0.410645 0.533203 0.48779300000000003 0.533203 0.48779300000000003 0.37832
1 0.999512 0.41699200000000003 0.9169919999999999 0.41699200000000003 0.9169919999999999 0.557617 0.999512 0.557617 0.999512 0.41699200000000003
1 0.7329100000000001 0.425781 0.6577149999999999 0.425781 0.6577149999999999 0.547852 0.7329100000000001 0.547852 0.7329100000000001 0.425781
1 0.6420899999999999 0.43652300000000005 0.5712889999999999 0.43652300000000005 0.5712889999999999 0.533203 0.6420899999999999 0.533203 0.6420899999999999 0.43652300000000005
0 0.576172 0.373047 0.540527 0.373047 0.540527 0.543945 0.576172 0.543945 0.576172 0.373047
3 0.42333999999999994 0.418945 0.391602 0.418945 0.391602 0.461914 0.42333999999999994 0.461914 0.42333999999999994 0.418945
0 0.32666 0.373047 0.288574 0.373047 0.288574 0.541016 0.32666 0.541016 0.32666 0.373047
3 0.299316 0.41601600000000005 0.234375 0.41601600000000005 0.234375 0.535156 0.299316 0.535156 0.299316 0.41601600000000005
3 0.37939500000000004 0.415039 0.35497999999999996 0.415039 0.35497999999999996 0.482422 0.37939500000000004 0.482422 0.37939500000000004 0.415039
3 0.368164 0.41699200000000003 0.34033199999999997 0.41699200000000003 0.34033199999999997 0.488281 0.368164 0.488281 0.368164 0.41699200000000003
3 0.345215 0.41699200000000003 0.32031200000000004 0.41699200000000003 0.32031200000000004 0.505859 0.345215 0.505859 0.345215 0.41699200000000003
1 0.14209 0.4375 0.072266 0.4375 0.072266 0.598633 0.14209 0.598633 0.14209 0.4375
3 0.43896499999999994 0.41699200000000003 0.41601600000000005 0.41699200000000003 0.41601600000000005 0.44531200000000004 0.43896499999999994 0.44531200000000004 0.43896499999999994 0.41699200000000003
0 0.6069340000000001 0.394531 0.587402 0.394531 0.587402 0.496094 0.6069340000000001 0.496094 0.6069340000000001 0.394531
3 0.591797 0.39843799999999996 0.5693360000000001 0.39843799999999996 0.5693360000000001 0.44335899999999995 0.591797 0.44335899999999995 0.591797 0.39843799999999996
3 0.5493159999999999 0.395508 0.531738 0.395508 0.531738 0.430664 0.5493159999999999 0.430664 0.5493159999999999 0.395508
1 0.8154299999999999 0.408203 0.755859 0.408203 0.755859 0.49902300000000005 0.8154299999999999 0.49902300000000005 0.8154299999999999 0.408203