3 0.546387 0.50293 0.611328 0.50293 0.611328 0.408203 0.546387 0.408203 0.546387 0.50293
3 0.358887 0.464844 0.405762 0.464844 0.405762 0.404297 0.358887 0.404297 0.358887 0.464844
3 0.5224610000000001 0.48925799999999997 0.556152 0.48925799999999997 0.556152 0.413086 0.5224610000000001 0.413086 0.5224610000000001 0.48925799999999997
3 0.47949200000000003 0.475586 0.523926 0.475586 0.523926 0.41406200000000004 0.47949200000000003 0.41406200000000004 0.47949200000000003 0.475586
0 0.6474610000000001 0.50293 0.666504 0.50293 0.666504 0.40039100000000005 0.6474610000000001 0.40039100000000005 0.6474610000000001 0.50293
0 0.10498 0.459961 0.125977 0.459961 0.125977 0.357422 0.10498 0.357422 0.10498 0.459961
3 0.456055 0.46386700000000003 0.484863 0.46386700000000003 0.484863 0.40918 0.456055 0.40918 0.456055 0.46386700000000003
5 0.402344 0.45214800000000005 0.446289 0.45214800000000005 0.446289 0.376953 0.402344 0.376953 0.402344 0.45214800000000005
1 0.890137 0.517578 0.9516600000000001 0.517578 0.9516600000000001 0.435547 0.890137 0.435547 0.890137 0.517578
1 0.181641 0.517578 0.209961 0.517578 0.209961 0.402344 0.181641 0.402344 0.181641 0.517578
3 0.443848 0.459961 0.460449 0.459961 0.460449 0.408203 0.443848 0.408203 0.443848 0.459961
5 1 0.395508 0.9472659999999999 0.395508 0.9472659999999999 0.683594 1 0.683594 1 0.395508
1 0.812988 0.503906 0.8569340000000001 0.503906 0.8569340000000001 0.428711 0.812988 0.428711 0.812988 0.503906