1 0.6831050000000001 0.47949200000000003 0.47168 0.47949200000000003 0.47168 0.728516 0.6831050000000001 0.728516 0.6831050000000001 0.47949200000000003
1 0.10498 0.326855 0.000977 0.326855 0.000977 0.7099610000000001 0.10498 0.7099610000000001 0.10498 0.326855
0 0.287109 0.387695 0.266113 0.387695 0.266113 0.484375 0.287109 0.484375 0.287109 0.387695
3 0.693848 0.43457 0.636719 0.43457 0.636719 0.503906 0.693848 0.503906 0.693848 0.43457
3 0.070312 0.392578 0.041992 0.392578 0.041992 0.424805 0.070312 0.424805 0.070312 0.392578
1 0.069824 0.493164 0.000488 0.493164 0.000488 0.745117 0.069824 0.745117 0.069824 0.493164
3 0.096191 0.396484 0.067871 0.396484 0.067871 0.424805 0.096191 0.424805 0.096191 0.396484
4 0.9194340000000001 0.381836 0.841797 0.381836 0.841797 0.529297 0.9194340000000001 0.529297 0.9194340000000001 0.381836
3 0.71875 0.43847699999999995 0.6918949999999999 0.43847699999999995 0.6918949999999999 0.5 0.71875 0.5 0.71875 0.43847699999999995
1 0.477686 0.40380900000000003 0.44599599999999995 0.40380900000000003 0.44599599999999995 0.484375 0.477686 0.484375 0.477686 0.40380900000000003
3 0.043457 0.389648 0.026367 0.389648 0.026367 0.423828 0.043457 0.423828 0.043457 0.389648
1 0.433105 0.40117200000000003 0.41210899999999995 0.40117200000000003 0.41210899999999995 0.484375 0.433105 0.484375 0.433105 0.40117200000000003
3 0.042480000000000004 0.389648 0.018066 0.389648 0.018066 0.424805 0.042480000000000004 0.424805 0.042480000000000004 0.389648