1 0.31689500000000004 0.728516 0.52832 0.728516 0.52832 0.47949200000000003 0.31689500000000004 0.47949200000000003 0.31689500000000004 0.728516
1 0.89502 0.7099610000000001 0.999023 0.7099610000000001 0.999023 0.326855 0.89502 0.326855 0.89502 0.7099610000000001
0 0.712891 0.484375 0.733887 0.484375 0.733887 0.387695 0.712891 0.387695 0.712891 0.484375
3 0.306152 0.503906 0.363281 0.503906 0.363281 0.43457 0.306152 0.43457 0.306152 0.503906
3 0.929688 0.424805 0.9580080000000001 0.424805 0.9580080000000001 0.392578 0.929688 0.392578 0.929688 0.424805
1 0.930176 0.745117 0.999512 0.745117 0.999512 0.493164 0.930176 0.493164 0.930176 0.745117
3 0.9038090000000001 0.424805 0.932129 0.424805 0.932129 0.396484 0.9038090000000001 0.396484 0.9038090000000001 0.424805
4 0.080566 0.529297 0.158203 0.529297 0.158203 0.381836 0.080566 0.381836 0.080566 0.529297
3 0.28125 0.5 0.30810499999999996 0.5 0.30810499999999996 0.43847699999999995 0.28125 0.43847699999999995 0.28125 0.5
1 0.522314 0.484375 0.554004 0.484375 0.554004 0.40380900000000003 0.522314 0.40380900000000003 0.522314 0.484375
3 0.9565429999999999 0.423828 0.9736330000000001 0.423828 0.9736330000000001 0.389648 0.9565429999999999 0.389648 0.9565429999999999 0.423828
1 0.5668949999999999 0.484375 0.587891 0.484375 0.587891 0.40117200000000003 0.5668949999999999 0.40117200000000003 0.5668949999999999 0.484375
3 0.95752 0.424805 0.9819340000000001 0.424805 0.9819340000000001 0.389648 0.95752 0.389648 0.95752 0.424805