3 1 0.318359 0.859863 0.318359 0.859863 0.561523 1 0.561523 1 0.318359
3 0.005371 0.713867 0.24365199999999998 0.713867 0.24365199999999998 0.368164 0.005371 0.368164 0.005371 0.713867
3 0.47900400000000004 0.568359 0.605469 0.568359 0.605469 0.384766 0.47900400000000004 0.384766 0.47900400000000004 0.568359
3 0.21337899999999999 0.592773 0.313965 0.592773 0.313965 0.380859 0.21337899999999999 0.380859 0.21337899999999999 0.592773
0 0.40527300000000005 0.527344 0.44043 0.527344 0.44043 0.375977 0.40527300000000005 0.375977 0.40527300000000005 0.527344
3 0.296875 0.520508 0.35595699999999997 0.520508 0.35595699999999997 0.40722699999999995 0.296875 0.40722699999999995 0.296875 0.520508
3 0.462402 0.532227 0.5 0.532227 0.5 0.389648 0.462402 0.389648 0.462402 0.532227
3 0.452637 0.480469 0.47998 0.480469 0.47998 0.396484 0.452637 0.396484 0.452637 0.480469
3 0.356445 0.477539 0.38622999999999996 0.477539 0.38622999999999996 0.404297 0.356445 0.404297 0.356445 0.477539
3 0.433594 0.441406 0.452637 0.441406 0.452637 0.40527300000000005 0.433594 0.40527300000000005 0.433594 0.441406
3 0.345215 0.486328 0.37207 0.486328 0.37207 0.40918 0.345215 0.40918 0.345215 0.486328
3 0.376953 0.46289100000000005 0.39404300000000003 0.46289100000000005 0.39404300000000003 0.408203 0.376953 0.408203 0.376953 0.46289100000000005