6 0.5288090000000001 0.59668 0.761719 0.59668 0.761719 0.235352 0.5288090000000001 0.235352 0.5288090000000001 0.59668
2 0.428223 0.491211 0.48681599999999997 0.491211 0.48681599999999997 0.42675799999999997 0.428223 0.42675799999999997 0.428223 0.491211
1 0.325684 0.6181639999999999 0.41601600000000005 0.6181639999999999 0.41601600000000005 0.457031 0.325684 0.457031 0.325684 0.6181639999999999
1 0.161133 0.646484 0.281738 0.646484 0.281738 0.44238299999999997 0.161133 0.44238299999999997 0.161133 0.646484
0 0.337891 0.574219 0.388184 0.574219 0.388184 0.35156200000000004 0.337891 0.35156200000000004 0.337891 0.574219
0 0.182129 0.598633 0.25 0.598633 0.25 0.327148 0.182129 0.327148 0.182129 0.598633
2 0.811523 0.493164 0.937988 0.493164 0.937988 0.413086 0.811523 0.413086 0.811523 0.493164
0 0.275879 0.550781 0.302734 0.550781 0.302734 0.41699200000000003 0.275879 0.41699200000000003 0.275879 0.550781
2 0.757812 0.516602 0.820312 0.516602 0.820312 0.41601600000000005 0.757812 0.41601600000000005 0.757812 0.516602
2 0.5087889999999999 0.480469 0.5336909999999999 0.480469 0.5336909999999999 0.42773399999999995 0.5087889999999999 0.42773399999999995 0.5087889999999999 0.480469
2 0.38622999999999996 0.477539 0.42675799999999997 0.477539 0.42675799999999997 0.433594 0.38622999999999996 0.433594 0.38622999999999996 0.477539
2 0.9375 0.470703 0.996094 0.470703 0.996094 0.408203 0.9375 0.408203 0.9375 0.470703
2 0.493652 0.475586 0.516113 0.475586 0.516113 0.42968799999999996 0.493652 0.42968799999999996 0.493652 0.475586
0 0.248535 0.518555 0.27002000000000004 0.518555 0.27002000000000004 0.399414 0.248535 0.399414 0.248535 0.518555
2 0.8955080000000001 0.47460899999999995 0.9501950000000001 0.47460899999999995 0.9501950000000001 0.40625 0.8955080000000001 0.40625 0.8955080000000001 0.47460899999999995