2 0.000488 0.873047 0.150391 0.873047 0.150391 0.389648 0.000488 0.389648 0.000488 0.873047
2 0.065918 0.697266 0.199707 0.697266 0.199707 0.385742 0.065918 0.385742 0.065918 0.697266
0 0.5327149999999999 0.53418 0.560547 0.53418 0.560547 0.353516 0.5327149999999999 0.353516 0.5327149999999999 0.53418
0 0.6518550000000001 0.592773 0.703125 0.592773 0.703125 0.290039 0.6518550000000001 0.290039 0.6518550000000001 0.592773
1 0.601562 0.634766 0.6787110000000001 0.634766 0.6787110000000001 0.392578 0.601562 0.392578 0.601562 0.634766
0 0.459961 0.59375 0.5141600000000001 0.59375 0.5141600000000001 0.344727 0.459961 0.344727 0.459961 0.59375
0 0.22363300000000003 0.521484 0.24462899999999999 0.521484 0.24462899999999999 0.40918 0.22363300000000003 0.40918 0.22363300000000003 0.521484
1 0.461914 0.625977 0.522949 0.625977 0.522949 0.45214800000000005 0.461914 0.45214800000000005 0.461914 0.625977
2 0.163574 0.617188 0.217285 0.617188 0.217285 0.41699200000000003 0.163574 0.41699200000000003 0.163574 0.617188
6 0.329102 0.550781 0.450195 0.550781 0.450195 0.369141 0.329102 0.369141 0.329102 0.550781
6 0.126953 0.59082 0.216309 0.59082 0.216309 0.336914 0.126953 0.336914 0.126953 0.59082