2 0.845703 0.8125 0.999512 0.8125 0.999512 0.41406200000000004 0.845703 0.41406200000000004 0.845703 0.8125
2 0.6025389999999999 0.542969 0.6547850000000001 0.542969 0.6547850000000001 0.41113299999999997 0.6025389999999999 0.41113299999999997 0.6025389999999999 0.542969
0 0.353516 0.574219 0.390137 0.574219 0.390137 0.36718799999999996 0.353516 0.36718799999999996 0.353516 0.574219
2 0.422363 0.441406 0.455078 0.441406 0.455078 0.392578 0.422363 0.392578 0.422363 0.441406
0 0.342285 0.459961 0.365723 0.459961 0.365723 0.353516 0.342285 0.353516 0.342285 0.459961
1 0.357422 0.595703 0.384766 0.595703 0.384766 0.47851600000000005 0.357422 0.47851600000000005 0.357422 0.595703
6 0.6474610000000001 0.609375 0.821777 0.609375 0.821777 0.297852 0.6474610000000001 0.297852 0.6474610000000001 0.609375
0 0.34082 0.513672 0.365234 0.513672 0.365234 0.35156200000000004 0.34082 0.35156200000000004 0.34082 0.513672
0 0.578613 0.457031 0.588379 0.457031 0.588379 0.395508 0.578613 0.395508 0.578613 0.457031
0 0.49755900000000003 0.453125 0.5087889999999999 0.453125 0.5087889999999999 0.394531 0.49755900000000003 0.394531 0.49755900000000003 0.453125
0 0.507812 0.45410199999999995 0.520996 0.45410199999999995 0.520996 0.393555 0.507812 0.393555 0.507812 0.45410199999999995
2 0.6474610000000001 0.610352 0.821777 0.610352 0.821777 0.297852 0.6474610000000001 0.297852 0.6474610000000001 0.610352