2 0.154297 0.41406200000000004 0.000488 0.41406200000000004 0.000488 0.8125 0.154297 0.8125 0.154297 0.41406200000000004
2 0.397461 0.41113299999999997 0.345215 0.41113299999999997 0.345215 0.542969 0.397461 0.542969 0.397461 0.41113299999999997
0 0.646484 0.36718799999999996 0.609863 0.36718799999999996 0.609863 0.574219 0.646484 0.574219 0.646484 0.36718799999999996
2 0.577637 0.392578 0.544922 0.392578 0.544922 0.441406 0.577637 0.441406 0.577637 0.392578
0 0.6577149999999999 0.353516 0.634277 0.353516 0.634277 0.459961 0.6577149999999999 0.459961 0.6577149999999999 0.353516
1 0.642578 0.47851600000000005 0.615234 0.47851600000000005 0.615234 0.595703 0.642578 0.595703 0.642578 0.47851600000000005
6 0.352539 0.297852 0.178223 0.297852 0.178223 0.609375 0.352539 0.609375 0.352539 0.297852
0 0.65918 0.35156200000000004 0.634766 0.35156200000000004 0.634766 0.513672 0.65918 0.513672 0.65918 0.35156200000000004
0 0.421387 0.395508 0.41162099999999996 0.395508 0.41162099999999996 0.457031 0.421387 0.457031 0.421387 0.395508
0 0.5024409999999999 0.394531 0.491211 0.394531 0.491211 0.453125 0.5024409999999999 0.453125 0.5024409999999999 0.394531
0 0.49218799999999996 0.393555 0.47900400000000004 0.393555 0.47900400000000004 0.45410199999999995 0.49218799999999996 0.45410199999999995 0.49218799999999996 0.393555
2 0.352539 0.297852 0.178223 0.297852 0.178223 0.610352 0.352539 0.610352 0.352539 0.297852