2 0.429199 0.532227 0.5068360000000001 0.532227 0.5068360000000001 0.40136700000000003 0.429199 0.40136700000000003 0.429199 0.532227
2 0.59375 0.576172 0.708008 0.576172 0.708008 0.39843799999999996 0.59375 0.39843799999999996 0.59375 0.576172
1 0.000488 0.679688 0.17334 0.679688 0.17334 0.455078 0.000488 0.455078 0.000488 0.679688
0 0.052246 0.697266 0.137207 0.697266 0.137207 0.268555 0.052246 0.268555 0.052246 0.697266
0 0.5014649999999999 0.576172 0.559082 0.576172 0.559082 0.357422 0.5014649999999999 0.357422 0.5014649999999999 0.576172
1 1 0.45214800000000005 0.9160159999999999 0.45214800000000005 0.9160159999999999 0.705078 1 0.705078 1 0.45214800000000005
2 0.576172 0.537109 0.607422 0.537109 0.607422 0.428711 0.576172 0.428711 0.576172 0.537109
0 0 0.477539 0.036621 0.477539 0.036621 0.299805 0 0.299805 0 0.477539
2 0.5483399999999999 0.513672 0.583008 0.513672 0.583008 0.44043 0.5483399999999999 0.44043 0.5483399999999999 0.513672
0 0.808594 0.552734 0.837402 0.552734 0.837402 0.379883 0.808594 0.379883 0.808594 0.552734
0 0.8305659999999999 0.580078 0.86377 0.580078 0.86377 0.396484 0.8305659999999999 0.396484 0.8305659999999999 0.580078
0 0.875977 0.552734 0.90625 0.552734 0.90625 0.386719 0.875977 0.386719 0.875977 0.552734
0 0.854004 0.575195 0.880371 0.575195 0.880371 0.395508 0.854004 0.395508 0.854004 0.575195
0 0.9345700000000001 0.550781 0.9628909999999999 0.550781 0.9628909999999999 0.394531 0.9345700000000001 0.394531 0.9345700000000001 0.550781
0 0.7275389999999999 0.5244139999999999 0.745117 0.5244139999999999 0.745117 0.42089800000000005 0.7275389999999999 0.42089800000000005 0.7275389999999999 0.5244139999999999
0 0.7612300000000001 0.5224610000000001 0.77832 0.5224610000000001 0.77832 0.42285199999999995 0.7612300000000001 0.42285199999999995 0.7612300000000001 0.5224610000000001
0 1 0.310547 0.94873 0.310547 0.94873 0.623047 1 0.623047 1 0.310547
0 0.188965 0.457031 0.19921899999999998 0.457031 0.19921899999999998 0.41406200000000004 0.188965 0.41406200000000004 0.188965 0.457031