2 0.570801 0.40136700000000003 0.493164 0.40136700000000003 0.493164 0.532227 0.570801 0.532227 0.570801 0.40136700000000003
2 0.40625 0.39843799999999996 0.291992 0.39843799999999996 0.291992 0.576172 0.40625 0.576172 0.40625 0.39843799999999996
1 0.999512 0.455078 0.8266600000000001 0.455078 0.8266600000000001 0.679688 0.999512 0.679688 0.999512 0.455078
0 0.947754 0.268555 0.8627929999999999 0.268555 0.8627929999999999 0.697266 0.947754 0.697266 0.947754 0.268555
0 0.49853500000000006 0.357422 0.44091800000000003 0.357422 0.44091800000000003 0.576172 0.49853500000000006 0.576172 0.49853500000000006 0.357422
1 0 0.705078 0.083984 0.705078 0.083984 0.45214800000000005 0 0.45214800000000005 0 0.705078
2 0.423828 0.428711 0.392578 0.428711 0.392578 0.537109 0.423828 0.537109 0.423828 0.428711
0 1 0.299805 0.963379 0.299805 0.963379 0.477539 1 0.477539 1 0.299805
2 0.45166000000000006 0.44043 0.41699200000000003 0.44043 0.41699200000000003 0.513672 0.45166000000000006 0.513672 0.45166000000000006 0.44043
0 0.19140600000000002 0.379883 0.162598 0.379883 0.162598 0.552734 0.19140600000000002 0.552734 0.19140600000000002 0.379883
0 0.169434 0.396484 0.13623000000000002 0.396484 0.13623000000000002 0.580078 0.169434 0.580078 0.169434 0.396484
0 0.124023 0.386719 0.09375 0.386719 0.09375 0.552734 0.124023 0.552734 0.124023 0.386719
0 0.145996 0.395508 0.11962900000000001 0.395508 0.11962900000000001 0.575195 0.145996 0.575195 0.145996 0.395508
0 0.06543 0.394531 0.037108999999999996 0.394531 0.037108999999999996 0.550781 0.06543 0.550781 0.06543 0.394531
0 0.272461 0.42089800000000005 0.254883 0.42089800000000005 0.254883 0.5244139999999999 0.272461 0.5244139999999999 0.272461 0.42089800000000005
0 0.23877 0.42285199999999995 0.22168000000000002 0.42285199999999995 0.22168000000000002 0.5224610000000001 0.23877 0.5224610000000001 0.23877 0.42285199999999995
0 0 0.623047 0.05127 0.623047 0.05127 0.310547 0 0.310547 0 0.623047
0 0.8110350000000001 0.41406200000000004 0.800781 0.41406200000000004 0.800781 0.457031 0.8110350000000001 0.457031 0.8110350000000001 0.41406200000000004