0 0.369629 0.708008 0.468262 0.708008 0.468262 0.22949199999999997 0.369629 0.22949199999999997 0.369629 0.708008
0 0 0.580078 0.041992 0.580078 0.041992 0.23046899999999998 0 0.23046899999999998 0 0.580078
0 0.588867 0.6787110000000001 0.6831050000000001 0.6787110000000001 0.6831050000000001 0.296875 0.588867 0.296875 0.588867 0.6787110000000001
0 0.768555 0.666992 0.8310549999999999 0.666992 0.8310549999999999 0.314453 0.768555 0.314453 0.768555 0.666992
0 0.839355 0.501953 0.865723 0.501953 0.865723 0.357422 0.839355 0.357422 0.839355 0.501953
0 0.8627929999999999 0.511719 0.8940429999999999 0.511719 0.8940429999999999 0.355469 0.8627929999999999 0.355469 0.8627929999999999 0.511719
0 0.25293 0.509766 0.29247999999999996 0.509766 0.29247999999999996 0.308594 0.25293 0.308594 0.25293 0.509766
0 0.375488 0.55957 0.40918 0.55957 0.40918 0.322266 0.375488 0.322266 0.375488 0.55957
0 0.342285 0.470703 0.36279300000000003 0.470703 0.36279300000000003 0.34375 0.342285 0.34375 0.342285 0.470703
0 0.670898 0.44335899999999995 0.6875 0.44335899999999995 0.6875 0.375977 0.670898 0.375977 0.670898 0.44335899999999995
0 0.47460899999999995 0.449219 0.49023399999999995 0.449219 0.49023399999999995 0.365234 0.47460899999999995 0.365234 0.47460899999999995 0.449219
0 0.733398 0.46582 0.753906 0.46582 0.753906 0.374023 0.733398 0.374023 0.733398 0.46582
1 0.541504 0.451172 0.553223 0.451172 0.553223 0.373828 0.541504 0.373828 0.541504 0.451172
0 0.5014649999999999 0.439453 0.513672 0.439453 0.513672 0.368164 0.5014649999999999 0.368164 0.5014649999999999 0.439453