0 0.12206999999999998 0.399414 0.083984 0.399414 0.083984 0.589844 0.12206999999999998 0.589844 0.12206999999999998 0.399414
0 0.770508 0.331055 0.719727 0.331055 0.719727 0.547852 0.770508 0.547852 0.770508 0.331055
0 0.08447299999999999 0.399414 0.033691 0.399414 0.033691 0.662109 0.08447299999999999 0.662109 0.08447299999999999 0.399414
0 0.616699 0.376953 0.588379 0.376953 0.588379 0.517578 0.616699 0.517578 0.616699 0.376953
0 0 0.702148 0.038085999999999995 0.702148 0.038085999999999995 0.40332 0 0.40332 0 0.702148
0 0.635254 0.35156200000000004 0.615723 0.35156200000000004 0.615723 0.515625 0.635254 0.515625 0.635254 0.35156200000000004
0 0.158203 0.40332 0.131348 0.40332 0.131348 0.567383 0.158203 0.567383 0.158203 0.40332
0 0.192871 0.388672 0.158203 0.388672 0.158203 0.550781 0.192871 0.550781 0.192871 0.388672
1 0.805176 0.395508 0.75293 0.395508 0.75293 0.47851600000000005 0.805176 0.47851600000000005 0.805176 0.395508
0 0.674805 0.345703 0.648438 0.345703 0.648438 0.505859 0.674805 0.505859 0.674805 0.345703
0 0.134766 0.40039100000000005 0.11132800000000001 0.40039100000000005 0.11132800000000001 0.582031 0.134766 0.582031 0.134766 0.40039100000000005
0 0.91748 0.34375 0.8891600000000001 0.34375 0.8891600000000001 0.48535199999999995 0.91748 0.48535199999999995 0.91748 0.34375
0 0.6547850000000001 0.373047 0.630371 0.373047 0.630371 0.510742 0.6547850000000001 0.510742 0.6547850000000001 0.373047
0 0.886719 0.323242 0.860352 0.323242 0.860352 0.486328 0.886719 0.486328 0.886719 0.323242
1 0.469238 0.383008 0.448535 0.383008 0.448535 0.498047 0.469238 0.498047 0.469238 0.383008
1 0.31206100000000003 0.390234 0.283936 0.390234 0.283936 0.520508 0.31206100000000003 0.520508 0.31206100000000003 0.390234