1 0.268311 0.42333999999999994 0.24677699999999997 0.42333999999999994 0.24677699999999997 0.537109 0.268311 0.537109 0.268311 0.42333999999999994
3 1 0.380859 0.8525389999999999 0.380859 0.8525389999999999 0.682617 1 0.682617 1 0.380859
3 0.6362300000000001 0.43261700000000003 0.605957 0.43261700000000003 0.605957 0.5 0.6362300000000001 0.5 0.6362300000000001 0.43261700000000003
3 0.34668 0.446289 0.307129 0.446289 0.307129 0.5 0.34668 0.5 0.34668 0.446289
3 0.42431599999999997 0.439453 0.384766 0.439453 0.384766 0.480469 0.42431599999999997 0.480469 0.42431599999999997 0.439453
3 0.518555 0.428711 0.47949200000000003 0.428711 0.47949200000000003 0.491211 0.518555 0.491211 0.518555 0.428711
3 0.38720699999999997 0.439453 0.36084 0.439453 0.36084 0.484375 0.38720699999999997 0.484375 0.38720699999999997 0.439453
0 0.7202149999999999 0.395508 0.702148 0.395508 0.702148 0.50293 0.7202149999999999 0.50293 0.7202149999999999 0.395508
3 0.709473 0.396484 0.6274409999999999 0.396484 0.6274409999999999 0.520508 0.709473 0.520508 0.709473 0.396484
0 0.17578100000000002 0.42285199999999995 0.15918000000000002 0.42285199999999995 0.15918000000000002 0.498047 0.17578100000000002 0.498047 0.17578100000000002 0.42285199999999995
3 0.231934 0.435547 0.16406199999999999 0.435547 0.16406199999999999 0.487305 0.231934 0.487305 0.231934 0.435547
3 0.36279300000000003 0.446289 0.341797 0.446289 0.341797 0.49218799999999996 0.36279300000000003 0.49218799999999996 0.36279300000000003 0.446289
1 0.771484 0.433594 0.751953 0.433594 0.751953 0.507812 0.771484 0.507812 0.771484 0.433594
3 0.587891 0.4375 0.569824 0.4375 0.569824 0.481445 0.587891 0.481445 0.587891 0.4375