0 0.218262 0.48535199999999995 0.249023 0.48535199999999995 0.249023 0.34375 0.218262 0.34375 0.218262 0.48535199999999995
3 0.45898399999999995 0.444336 0.488281 0.444336 0.488281 0.40527300000000005 0.45898399999999995 0.40527300000000005 0.45898399999999995 0.444336
3 0.379883 0.45898399999999995 0.43457 0.45898399999999995 0.43457 0.394531 0.379883 0.394531 0.379883 0.45898399999999995
3 0.609863 0.532227 0.690918 0.532227 0.690918 0.383789 0.609863 0.383789 0.609863 0.532227
3 0.5 0.44726600000000005 0.545898 0.44726600000000005 0.545898 0.40527300000000005 0.5 0.40527300000000005 0.5 0.44726600000000005
3 0.415527 0.44531200000000004 0.444824 0.44531200000000004 0.444824 0.40039100000000005 0.415527 0.40039100000000005 0.415527 0.44531200000000004
1 0.022949 0.46972699999999995 0.062012 0.46972699999999995 0.062012 0.374023 0.022949 0.374023 0.022949 0.46972699999999995
3 0.873047 0.486328 0.917969 0.486328 0.917969 0.42773399999999995 0.873047 0.42773399999999995 0.873047 0.486328
3 0.495605 0.44335899999999995 0.5170899999999999 0.44335899999999995 0.5170899999999999 0.40722699999999995 0.495605 0.40722699999999995 0.495605 0.44335899999999995
3 0.536133 0.44238299999999997 0.562988 0.44238299999999997 0.562988 0.40527300000000005 0.536133 0.40527300000000005 0.536133 0.44238299999999997
3 0.71582 0.491211 0.8305659999999999 0.491211 0.8305659999999999 0.40625 0.71582 0.40625 0.71582 0.491211
3 0.343262 0.509766 0.38720699999999997 0.509766 0.38720699999999997 0.389648 0.343262 0.389648 0.343262 0.509766
0 0.557129 0.49511700000000003 0.587891 0.49511700000000003 0.587891 0.381836 0.557129 0.381836 0.557129 0.49511700000000003
1 0.11962900000000001 0.5068360000000001 0.22412100000000001 0.5068360000000001 0.22412100000000001 0.370117 0.11962900000000001 0.370117 0.11962900000000001 0.5068360000000001
3 0.242188 0.53418 0.358398 0.53418 0.358398 0.368164 0.242188 0.368164 0.242188 0.53418
0 0.8295899999999999 0.49218799999999996 0.8486330000000001 0.49218799999999996 0.8486330000000001 0.388672 0.8295899999999999 0.388672 0.8295899999999999 0.49218799999999996
3 0.880371 0.507812 0.986328 0.507812 0.986328 0.42773399999999995 0.880371 0.42773399999999995 0.880371 0.507812