2 0.791504 0.773438 0.999512 0.773438 0.999512 0.325195 0.791504 0.325195 0.791504 0.773438
2 0.274902 0.5244139999999999 0.36718799999999996 0.5244139999999999 0.36718799999999996 0.40722699999999995 0.274902 0.40722699999999995 0.274902 0.5244139999999999
2 0.078125 0.601562 0.22998 0.601562 0.22998 0.384766 0.078125 0.384766 0.078125 0.601562
0 0.22363300000000003 0.614258 0.27783199999999997 0.614258 0.27783199999999997 0.326172 0.22363300000000003 0.326172 0.22363300000000003 0.614258
0 0.714844 0.46582 0.731445 0.46582 0.731445 0.399414 0.714844 0.399414 0.714844 0.46582
1 0.224609 0.644531 0.274902 0.644531 0.274902 0.466797 0.224609 0.466797 0.224609 0.644531
0 0.459473 0.466797 0.47119099999999997 0.466797 0.47119099999999997 0.40625 0.459473 0.40625 0.459473 0.466797
2 0.000488 0.685547 0.150391 0.685547 0.150391 0.38281200000000004 0.000488 0.38281200000000004 0.000488 0.685547
0 0.694824 0.46289100000000005 0.710938 0.46289100000000005 0.710938 0.40332 0.694824 0.40332 0.694824 0.46289100000000005
7 0.49414100000000005 0.48925799999999997 0.551758 0.48925799999999997 0.551758 0.362305 0.49414100000000005 0.362305 0.49414100000000005 0.48925799999999997
7 0.56543 0.472656 0.613281 0.472656 0.613281 0.381836 0.56543 0.381836 0.56543 0.472656
0 0.7006840000000001 0.46289100000000005 0.712891 0.46289100000000005 0.712891 0.40332 0.7006840000000001 0.40332 0.7006840000000001 0.46289100000000005