2 0.5 0.53418 0.5893550000000001 0.53418 0.5893550000000001 0.40039100000000005 0.5 0.40039100000000005 0.5 0.53418
2 0.923828 0.53418 0.996094 0.53418 0.996094 0.451172 0.923828 0.451172 0.923828 0.53418
5 0.372559 0.46289100000000005 0.5537110000000001 0.46289100000000005 0.5537110000000001 0.35156200000000004 0.372559 0.35156200000000004 0.372559 0.46289100000000005
0 0.42285199999999995 0.47460899999999995 0.44043 0.47460899999999995 0.44043 0.380859 0.42285199999999995 0.380859 0.42285199999999995 0.47460899999999995
0 0.9111330000000001 0.525391 0.9287110000000001 0.525391 0.9287110000000001 0.42675799999999997 0.9111330000000001 0.42675799999999997 0.9111330000000001 0.525391
2 0.231934 0.459961 0.339844 0.459961 0.339844 0.371094 0.231934 0.371094 0.231934 0.459961
2 0.198242 0.47460899999999995 0.268555 0.47460899999999995 0.268555 0.365234 0.198242 0.365234 0.198242 0.47460899999999995
2 0.597168 0.500977 0.635254 0.500977 0.635254 0.404297 0.597168 0.404297 0.597168 0.500977
1 0.424805 0.482422 0.43505900000000003 0.482422 0.43505900000000003 0.433594 0.424805 0.433594 0.424805 0.482422
2 0.06640599999999999 0.44726600000000005 0.11377 0.44726600000000005 0.11377 0.324219 0.06640599999999999 0.324219 0.06640599999999999 0.44726600000000005
0 0.624512 0.5087889999999999 0.650391 0.5087889999999999 0.650391 0.404297 0.624512 0.404297 0.624512 0.5087889999999999
2 0.48925799999999997 0.487305 0.519531 0.487305 0.519531 0.41113299999999997 0.48925799999999997 0.41113299999999997 0.48925799999999997 0.487305
0 0.13671899999999998 0.47656200000000004 0.178711 0.47656200000000004 0.178711 0.274414 0.13671899999999998 0.274414 0.13671899999999998 0.47656200000000004
2 0.042480000000000004 0.423828 0.07617199999999999 0.423828 0.07617199999999999 0.34375 0.042480000000000004 0.34375 0.042480000000000004 0.423828
1 0.07617199999999999 0.49414100000000005 0.11230500000000002 0.49414100000000005 0.11230500000000002 0.40039100000000005 0.07617199999999999 0.40039100000000005 0.07617199999999999 0.49414100000000005