2 0.5 0.40039100000000005 0.410645 0.40039100000000005 0.410645 0.53418 0.5 0.53418 0.5 0.40039100000000005
2 0.07617199999999999 0.451172 0.0039059999999999997 0.451172 0.0039059999999999997 0.53418 0.07617199999999999 0.53418 0.07617199999999999 0.451172
5 0.6274409999999999 0.35156200000000004 0.446289 0.35156200000000004 0.446289 0.46289100000000005 0.6274409999999999 0.46289100000000005 0.6274409999999999 0.35156200000000004
0 0.577148 0.380859 0.55957 0.380859 0.55957 0.47460899999999995 0.577148 0.47460899999999995 0.577148 0.380859
0 0.088867 0.42675799999999997 0.071289 0.42675799999999997 0.071289 0.525391 0.088867 0.525391 0.088867 0.42675799999999997
2 0.7680659999999999 0.371094 0.660156 0.371094 0.660156 0.459961 0.7680659999999999 0.459961 0.7680659999999999 0.371094
2 0.8017580000000001 0.365234 0.731445 0.365234 0.731445 0.47460899999999995 0.8017580000000001 0.47460899999999995 0.8017580000000001 0.365234
2 0.40283199999999997 0.404297 0.364746 0.404297 0.364746 0.500977 0.40283199999999997 0.500977 0.40283199999999997 0.404297
1 0.575195 0.433594 0.5649409999999999 0.433594 0.5649409999999999 0.482422 0.575195 0.482422 0.575195 0.433594
2 0.933594 0.324219 0.88623 0.324219 0.88623 0.44726600000000005 0.933594 0.44726600000000005 0.933594 0.324219
0 0.375488 0.404297 0.349609 0.404297 0.349609 0.5087889999999999 0.375488 0.5087889999999999 0.375488 0.404297
2 0.510742 0.41113299999999997 0.480469 0.41113299999999997 0.480469 0.487305 0.510742 0.487305 0.510742 0.41113299999999997
0 0.863281 0.274414 0.8212889999999999 0.274414 0.8212889999999999 0.47656200000000004 0.863281 0.47656200000000004 0.863281 0.274414
2 0.95752 0.34375 0.923828 0.34375 0.923828 0.423828 0.95752 0.423828 0.95752 0.34375
1 0.923828 0.40039100000000005 0.8876950000000001 0.40039100000000005 0.8876950000000001 0.49414100000000005 0.923828 0.49414100000000005 0.923828 0.40039100000000005