2 0.999023 0.347656 0.7954100000000001 0.347656 0.7954100000000001 0.8076169999999999 0.999023 0.8076169999999999 0.999023 0.347656
2 0.8095700000000001 0.40332 0.667969 0.40332 0.667969 0.59375 0.8095700000000001 0.59375 0.8095700000000001 0.40332
2 0.37793 0.41601600000000005 0.27783199999999997 0.41601600000000005 0.27783199999999997 0.56543 0.37793 0.56543 0.37793 0.41601600000000005
2 0.40869099999999997 0.413086 0.359863 0.413086 0.359863 0.532227 0.40869099999999997 0.532227 0.40869099999999997 0.413086
0 0.193848 0.380859 0.163086 0.380859 0.163086 0.49218799999999996 0.193848 0.49218799999999996 0.193848 0.380859
2 0.505371 0.40918 0.439453 0.40918 0.439453 0.46972699999999995 0.505371 0.46972699999999995 0.505371 0.40918
2 0.443848 0.41406200000000004 0.41699200000000003 0.41406200000000004 0.41699200000000003 0.49218799999999996 0.443848 0.49218799999999996 0.443848 0.41406200000000004
2 0.430176 0.415039 0.39502000000000004 0.415039 0.39502000000000004 0.512695 0.430176 0.512695 0.430176 0.415039
2 0.68457 0.41699200000000003 0.617188 0.41699200000000003 0.617188 0.529297 0.68457 0.529297 0.68457 0.41699200000000003
2 0.636719 0.41601600000000005 0.594238 0.41601600000000005 0.594238 0.505859 0.636719 0.505859 0.636719 0.41601600000000005
2 0.697266 0.423828 0.6420899999999999 0.423828 0.6420899999999999 0.550781 0.697266 0.550781 0.697266 0.423828
2 0.570312 0.41113299999999997 0.5356449999999999 0.41113299999999997 0.5356449999999999 0.45898399999999995 0.570312 0.45898399999999995 0.570312 0.41113299999999997
2 0.59375 0.40918 0.5649409999999999 0.40918 0.5649409999999999 0.457031 0.59375 0.457031 0.59375 0.40918
2 0.6235350000000001 0.41210899999999995 0.583496 0.41210899999999995 0.583496 0.486328 0.6235350000000001 0.486328 0.6235350000000001 0.41210899999999995