2 0.015137000000000001 0.685547 0.254883 0.685547 0.254883 0.36718799999999996 0.015137000000000001 0.36718799999999996 0.015137000000000001 0.685547
2 0.629883 0.545898 0.7358399999999999 0.545898 0.7358399999999999 0.399414 0.629883 0.399414 0.629883 0.545898
2 0.216797 0.587891 0.362305 0.587891 0.362305 0.393555 0.216797 0.393555 0.216797 0.587891
2 0.323242 0.541016 0.40722699999999995 0.541016 0.40722699999999995 0.392578 0.323242 0.392578 0.323242 0.541016
2 0.000488 0.8076169999999999 0.080566 0.8076169999999999 0.080566 0.44335899999999995 0.000488 0.44335899999999995 0.000488 0.8076169999999999
2 0.527344 0.47851600000000005 0.572266 0.47851600000000005 0.572266 0.413086 0.527344 0.413086 0.527344 0.47851600000000005
2 0.396973 0.498047 0.46972699999999995 0.498047 0.46972699999999995 0.37207 0.396973 0.37207 0.396973 0.498047
2 0.585449 0.47460899999999995 0.605469 0.47460899999999995 0.605469 0.43164100000000005 0.585449 0.43164100000000005 0.585449 0.47460899999999995
2 0.567871 0.47460899999999995 0.588867 0.47460899999999995 0.588867 0.430664 0.567871 0.430664 0.567871 0.47460899999999995
2 0.469238 0.47949200000000003 0.500488 0.47949200000000003 0.500488 0.41699200000000003 0.469238 0.41699200000000003 0.469238 0.47949200000000003
2 0.753418 0.498047 0.810547 0.498047 0.810547 0.41699200000000003 0.753418 0.41699200000000003 0.753418 0.498047
2 0.5 0.482422 0.530273 0.482422 0.530273 0.42089800000000005 0.5 0.42089800000000005 0.5 0.482422
1 0.401855 0.511719 0.444336 0.511719 0.444336 0.433594 0.401855 0.433594 0.401855 0.511719
2 0.523438 0.480469 0.545898 0.480469 0.545898 0.424805 0.523438 0.424805 0.523438 0.480469