2 0.039062 0.670898 0.23974600000000001 0.670898 0.23974600000000001 0.397461 0.039062 0.397461 0.039062 0.670898
2 0.000488 0.7412110000000001 0.130859 0.7412110000000001 0.130859 0.384766 0.000488 0.384766 0.000488 0.7412110000000001
2 0.192383 0.594727 0.320801 0.594727 0.320801 0.40625 0.192383 0.40625 0.192383 0.594727
2 0.6005860000000001 0.572266 0.71582 0.572266 0.71582 0.369141 0.6005860000000001 0.369141 0.6005860000000001 0.572266
2 0.42089800000000005 0.505859 0.46582 0.505859 0.46582 0.413086 0.42089800000000005 0.413086 0.42089800000000005 0.505859
2 0.383301 0.518555 0.43457 0.518555 0.43457 0.41406200000000004 0.383301 0.41406200000000004 0.383301 0.518555
2 0.959473 0.597656 0.999512 0.597656 0.999512 0.44824200000000003 0.959473 0.44824200000000003 0.959473 0.597656
0 0.582031 0.500977 0.599121 0.500977 0.599121 0.404297 0.582031 0.404297 0.582031 0.500977
2 0.258789 0.560547 0.38720699999999997 0.560547 0.38720699999999997 0.362305 0.258789 0.362305 0.258789 0.560547
0 0.552734 0.49511700000000003 0.5668949999999999 0.49511700000000003 0.5668949999999999 0.40918 0.552734 0.40918 0.552734 0.49511700000000003
0 0.567871 0.49707 0.5825199999999999 0.49707 0.5825199999999999 0.40527300000000005 0.567871 0.40527300000000005 0.567871 0.49707
2 0.462402 0.481445 0.496094 0.481445 0.496094 0.430664 0.462402 0.430664 0.462402 0.481445
2 0.483887 0.477539 0.518555 0.477539 0.518555 0.417969 0.483887 0.417969 0.483887 0.477539
0 0.5356449999999999 0.493164 0.547363 0.493164 0.547363 0.41601600000000005 0.5356449999999999 0.41601600000000005 0.5356449999999999 0.493164
2 0.507324 0.47656200000000004 0.530273 0.47656200000000004 0.530273 0.418945 0.507324 0.418945 0.507324 0.47656200000000004