2 0.48877 0.48535199999999995 0.570312 0.48535199999999995 0.570312 0.358398 0.48877 0.358398 0.48877 0.48535199999999995
2 0.843262 0.646484 0.999512 0.646484 0.999512 0.342773 0.843262 0.342773 0.843262 0.646484
2 0.817871 0.544922 0.9169919999999999 0.544922 0.9169919999999999 0.332031 0.817871 0.332031 0.817871 0.544922
0 0.32372999999999996 0.53418 0.37207 0.53418 0.37207 0.297852 0.32372999999999996 0.297852 0.32372999999999996 0.53418
0 0 0.620117 0.120605 0.620117 0.120605 0.209961 0 0.209961 0 0.620117
1 0 0.766602 0.102051 0.766602 0.102051 0.44531200000000004 0 0.44531200000000004 0 0.766602
0 0.744629 0.498047 0.779297 0.498047 0.779297 0.316406 0.744629 0.316406 0.744629 0.498047
2 0.791016 0.457031 0.835938 0.457031 0.835938 0.358398 0.791016 0.358398 0.791016 0.457031
0 0.204102 0.567383 0.27002000000000004 0.567383 0.27002000000000004 0.25781200000000004 0.204102 0.25781200000000004 0.204102 0.567383
0 0.693359 0.49023399999999995 0.730957 0.49023399999999995 0.730957 0.3125 0.693359 0.3125 0.693359 0.49023399999999995
1 0.6860350000000001 0.504883 0.729004 0.504883 0.729004 0.40527300000000005 0.6860350000000001 0.40527300000000005 0.6860350000000001 0.504883
1 0.20459 0.612305 0.256836 0.612305 0.256836 0.446289 0.20459 0.446289 0.20459 0.612305
0 0.275391 0.41210899999999995 0.30029300000000003 0.41210899999999995 0.30029300000000003 0.323242 0.275391 0.323242 0.275391 0.41210899999999995
1 0.744629 0.511719 0.7670899999999999 0.511719 0.7670899999999999 0.408203 0.744629 0.408203 0.744629 0.511719
1 0.32959 0.541992 0.358887 0.541992 0.358887 0.413086 0.32959 0.413086 0.32959 0.541992
2 0.776367 0.450195 0.798828 0.450195 0.798828 0.36718799999999996 0.776367 0.36718799999999996 0.776367 0.450195
1 0.266602 0.42285199999999995 0.313477 0.42285199999999995 0.313477 0.373047 0.266602 0.373047 0.266602 0.42285199999999995
7 0.619629 0.40527300000000005 0.6420899999999999 0.40527300000000005 0.6420899999999999 0.355469 0.619629 0.355469 0.619629 0.40527300000000005
1 0.120605 0.548828 0.214355 0.548828 0.214355 0.388672 0.120605 0.388672 0.120605 0.548828
2 0.619141 0.40527300000000005 0.6420899999999999 0.40527300000000005 0.6420899999999999 0.356445 0.619141 0.356445 0.619141 0.40527300000000005
1 0.088867 0.564453 0.177246 0.564453 0.177246 0.389648 0.088867 0.389648 0.088867 0.564453