2 0.999023 0.316406 0.672363 0.316406 0.672363 0.791016 0.999023 0.791016 0.999023 0.316406
2 0.334473 0.255859 0.003418 0.255859 0.003418 0.745117 0.334473 0.745117 0.334473 0.255859
2 0.38720699999999997 0.384766 0.30127000000000004 0.384766 0.30127000000000004 0.621094 0.38720699999999997 0.621094 0.38720699999999997 0.384766
2 0.7202149999999999 0.37793 0.5952149999999999 0.37793 0.5952149999999999 0.606445 0.7202149999999999 0.606445 0.7202149999999999 0.37793
2 0.41601600000000005 0.397461 0.356445 0.397461 0.356445 0.5380860000000001 0.41601600000000005 0.5380860000000001 0.41601600000000005 0.397461
2 1 0.521484 0.9267580000000001 0.521484 0.9267580000000001 0.988281 1 0.988281 1 0.521484
2 0.608887 0.40332 0.5556639999999999 0.40332 0.5556639999999999 0.53418 0.608887 0.53418 0.608887 0.40332
2 0.43164100000000005 0.40625 0.397461 0.40625 0.397461 0.501953 0.43164100000000005 0.501953 0.43164100000000005 0.40625
2 0.603516 0.390625 0.539062 0.390625 0.539062 0.500977 0.603516 0.500977 0.603516 0.390625
2 0.459473 0.418945 0.441895 0.418945 0.441895 0.46972699999999995 0.459473 0.46972699999999995 0.459473 0.418945
2 0.446777 0.41210899999999995 0.418945 0.41210899999999995 0.418945 0.482422 0.446777 0.482422 0.446777 0.41210899999999995
2 0.632324 0.390625 0.59375 0.390625 0.59375 0.542969 0.632324 0.542969 0.632324 0.390625