2 0.000977 0.791016 0.327637 0.791016 0.327637 0.316406 0.000977 0.316406 0.000977 0.791016
2 0.665527 0.745117 0.9965820000000001 0.745117 0.9965820000000001 0.255859 0.665527 0.255859 0.665527 0.745117
2 0.612793 0.621094 0.6987300000000001 0.621094 0.6987300000000001 0.384766 0.612793 0.384766 0.612793 0.621094
2 0.279785 0.606445 0.40478500000000006 0.606445 0.40478500000000006 0.37793 0.279785 0.37793 0.279785 0.606445
2 0.583984 0.5380860000000001 0.643555 0.5380860000000001 0.643555 0.397461 0.583984 0.397461 0.583984 0.5380860000000001
2 0 0.988281 0.073242 0.988281 0.073242 0.521484 0 0.521484 0 0.988281
2 0.391113 0.53418 0.444336 0.53418 0.444336 0.40332 0.391113 0.40332 0.391113 0.53418
2 0.568359 0.501953 0.6025389999999999 0.501953 0.6025389999999999 0.40625 0.568359 0.40625 0.568359 0.501953
2 0.396484 0.500977 0.46093799999999996 0.500977 0.46093799999999996 0.390625 0.396484 0.390625 0.396484 0.500977
2 0.540527 0.46972699999999995 0.5581050000000001 0.46972699999999995 0.5581050000000001 0.418945 0.540527 0.418945 0.540527 0.46972699999999995
2 0.553223 0.482422 0.581055 0.482422 0.581055 0.41210899999999995 0.553223 0.41210899999999995 0.553223 0.482422
2 0.367676 0.542969 0.40625 0.542969 0.40625 0.390625 0.367676 0.390625 0.367676 0.542969