2 0.999512 0.353516 0.8330080000000001 0.353516 0.8330080000000001 0.907227 0.999512 0.907227 0.999512 0.353516
2 0.31689500000000004 0.364258 0.042480000000000004 0.364258 0.042480000000000004 0.764648 0.31689500000000004 0.764648 0.31689500000000004 0.364258
2 0.176758 0.43457 0.000977 0.43457 0.000977 0.957031 0.176758 0.957031 0.176758 0.43457
2 0.936523 0.364258 0.702148 0.364258 0.702148 0.706055 0.936523 0.706055 0.936523 0.364258
2 0.378906 0.402344 0.259766 0.402344 0.259766 0.630859 0.378906 0.630859 0.378906 0.402344
2 0.744141 0.389648 0.629883 0.389648 0.629883 0.576172 0.744141 0.576172 0.744141 0.389648
2 0.44287099999999996 0.354492 0.334961 0.354492 0.334961 0.541016 0.44287099999999996 0.541016 0.44287099999999996 0.354492
2 0.408203 0.40332 0.33154300000000003 0.40332 0.33154300000000003 0.579102 0.408203 0.579102 0.408203 0.40332
2 0.46777300000000005 0.40527300000000005 0.43603500000000006 0.40527300000000005 0.43603500000000006 0.507812 0.46777300000000005 0.507812 0.46777300000000005 0.40527300000000005
2 0.6694340000000001 0.385742 0.612305 0.385742 0.612305 0.53418 0.6694340000000001 0.53418 0.6694340000000001 0.385742
1 0.53418 0.424805 0.495605 0.424805 0.495605 0.466797 0.53418 0.466797 0.53418 0.424805
2 0.668457 0.362305 0.585449 0.362305 0.585449 0.5224610000000001 0.668457 0.5224610000000001 0.668457 0.362305