0 0.211914 0.357422 0.169922 0.357422 0.169922 0.547852 0.211914 0.547852 0.211914 0.357422
2 0.567383 0.37793 0.496094 0.37793 0.496094 0.501953 0.567383 0.501953 0.567383 0.37793
0 0 0.579102 0.039550999999999996 0.579102 0.039550999999999996 0.306641 0 0.306641 0 0.579102
2 0.156738 0.418945 0.093262 0.418945 0.093262 0.519531 0.156738 0.519531 0.156738 0.418945
0 0.287598 0.37207 0.25781200000000004 0.37207 0.25781200000000004 0.52832 0.287598 0.52832 0.287598 0.37207
0 0.376953 0.391602 0.356445 0.391602 0.356445 0.475586 0.376953 0.475586 0.376953 0.391602
1 0.372559 0.425781 0.35791 0.425781 0.35791 0.48339800000000005 0.372559 0.48339800000000005 0.372559 0.425781
0 0.34033199999999997 0.397461 0.324219 0.397461 0.324219 0.47851600000000005 0.34033199999999997 0.47851600000000005 0.34033199999999997 0.397461
3 0.086426 0.42968799999999996 0.035156 0.42968799999999996 0.035156 0.56543 0.086426 0.56543 0.086426 0.42968799999999996
1 0 0.646484 0.045898 0.646484 0.045898 0.493164 0 0.493164 0 0.646484
2 0.583496 0.391602 0.5600590000000001 0.391602 0.5600590000000001 0.475586 0.583496 0.475586 0.583496 0.391602
3 0.11230500000000002 0.43457 0.080566 0.43457 0.080566 0.554688 0.11230500000000002 0.554688 0.11230500000000002 0.43457
2 0.632812 0.383789 0.5712889999999999 0.383789 0.5712889999999999 0.46289100000000005 0.632812 0.46289100000000005 0.632812 0.383789
1 0.28466800000000003 0.430664 0.258789 0.430664 0.258789 0.539062 0.28466800000000003 0.539062 0.28466800000000003 0.430664