2 1 0.41699200000000003 0.9248049999999999 0.41699200000000003 0.9248049999999999 0.558594 1 0.558594 1 0.41699200000000003
2 0 0.71582 0.26416 0.71582 0.26416 0.334961 0 0.334961 0 0.71582
2 0.8349610000000001 0.536133 0.9399409999999999 0.536133 0.9399409999999999 0.40527300000000005 0.8349610000000001 0.40527300000000005 0.8349610000000001 0.536133
2 0.46533199999999997 0.5224610000000001 0.530762 0.5224610000000001 0.530762 0.408203 0.46533199999999997 0.408203 0.46533199999999997 0.5224610000000001
2 0.274414 0.547852 0.385254 0.547852 0.385254 0.399414 0.274414 0.399414 0.274414 0.547852
2 0.59375 0.48535199999999995 0.628418 0.48535199999999995 0.628418 0.42285199999999995 0.59375 0.42285199999999995 0.59375 0.48535199999999995
2 0.359375 0.514648 0.40625 0.514648 0.40625 0.40136700000000003 0.359375 0.40136700000000003 0.359375 0.514648
2 0.583008 0.46093799999999996 0.6025389999999999 0.46093799999999996 0.6025389999999999 0.423828 0.583008 0.423828 0.583008 0.46093799999999996
0 0.7797850000000001 0.514648 0.8037110000000001 0.514648 0.8037110000000001 0.41210899999999995 0.7797850000000001 0.41210899999999995 0.7797850000000001 0.514648
2 0.6235350000000001 0.510742 0.687012 0.510742 0.687012 0.40527300000000005 0.6235350000000001 0.40527300000000005 0.6235350000000001 0.510742
2 0.42773399999999995 0.47949200000000003 0.459473 0.47949200000000003 0.459473 0.40722699999999995 0.42773399999999995 0.40722699999999995 0.42773399999999995 0.47949200000000003
2 0.406738 0.487305 0.43994099999999997 0.487305 0.43994099999999997 0.408203 0.406738 0.408203 0.406738 0.487305
2 0.758301 0.5068360000000001 0.832031 0.5068360000000001 0.832031 0.408203 0.758301 0.408203 0.758301 0.5068360000000001
0 0.757812 0.507812 0.77832 0.507812 0.77832 0.430664 0.757812 0.430664 0.757812 0.507812
2 0.69043 0.482422 0.724121 0.482422 0.724121 0.423828 0.69043 0.423828 0.69043 0.482422
2 0 0.5087889999999999 0.041504 0.5087889999999999 0.041504 0.339844 0 0.339844 0 0.5087889999999999
3 0.780762 0.523438 0.8027340000000001 0.523438 0.8027340000000001 0.456055 0.780762 0.456055 0.780762 0.523438