2 0 0.558594 0.075195 0.558594 0.075195 0.41699200000000003 0 0.41699200000000003 0 0.558594
2 1 0.334961 0.7358399999999999 0.334961 0.7358399999999999 0.71582 1 0.71582 1 0.334961
2 0.165039 0.40527300000000005 0.060058999999999994 0.40527300000000005 0.060058999999999994 0.536133 0.165039 0.536133 0.165039 0.40527300000000005
2 0.534668 0.408203 0.469238 0.408203 0.469238 0.5224610000000001 0.534668 0.5224610000000001 0.534668 0.408203
2 0.7255860000000001 0.399414 0.614746 0.399414 0.614746 0.547852 0.7255860000000001 0.547852 0.7255860000000001 0.399414
2 0.40625 0.42285199999999995 0.37158199999999997 0.42285199999999995 0.37158199999999997 0.48535199999999995 0.40625 0.48535199999999995 0.40625 0.42285199999999995
2 0.640625 0.40136700000000003 0.59375 0.40136700000000003 0.59375 0.514648 0.640625 0.514648 0.640625 0.40136700000000003
2 0.41699200000000003 0.423828 0.397461 0.423828 0.397461 0.46093799999999996 0.41699200000000003 0.46093799999999996 0.41699200000000003 0.423828
0 0.220215 0.41210899999999995 0.196289 0.41210899999999995 0.196289 0.514648 0.220215 0.514648 0.220215 0.41210899999999995
2 0.376465 0.40527300000000005 0.312988 0.40527300000000005 0.312988 0.510742 0.376465 0.510742 0.376465 0.40527300000000005
2 0.572266 0.40722699999999995 0.540527 0.40722699999999995 0.540527 0.47949200000000003 0.572266 0.47949200000000003 0.572266 0.40722699999999995
2 0.593262 0.408203 0.5600590000000001 0.408203 0.5600590000000001 0.487305 0.593262 0.487305 0.593262 0.408203
2 0.24169900000000002 0.408203 0.16796899999999998 0.408203 0.16796899999999998 0.5068360000000001 0.24169900000000002 0.5068360000000001 0.24169900000000002 0.408203
0 0.242188 0.430664 0.22168000000000002 0.430664 0.22168000000000002 0.507812 0.242188 0.507812 0.242188 0.430664
2 0.30957 0.423828 0.275879 0.423828 0.275879 0.482422 0.30957 0.482422 0.30957 0.423828
2 1 0.339844 0.958496 0.339844 0.958496 0.5087889999999999 1 0.5087889999999999 1 0.339844
3 0.219238 0.456055 0.197266 0.456055 0.197266 0.523438 0.219238 0.523438 0.219238 0.456055