2 0.382324 0.417969 0.260254 0.417969 0.260254 0.5693360000000001 0.382324 0.5693360000000001 0.382324 0.417969
2 0.691406 0.433594 0.664062 0.433594 0.664062 0.47168 0.691406 0.47168 0.691406 0.433594
2 0.853027 0.421875 0.786621 0.421875 0.786621 0.519531 0.853027 0.519531 0.853027 0.421875
2 1 0.40039100000000005 0.94873 0.40039100000000005 0.94873 0.595703 1 0.595703 1 0.40039100000000005
2 0.45214800000000005 0.41406200000000004 0.393555 0.41406200000000004 0.393555 0.511719 0.45214800000000005 0.511719 0.45214800000000005 0.41406200000000004
2 0.788574 0.42285199999999995 0.740234 0.42285199999999995 0.740234 0.491211 0.788574 0.491211 0.788574 0.42285199999999995
3 0.48193400000000003 0.453125 0.444824 0.453125 0.444824 0.582031 0.48193400000000003 0.582031 0.48193400000000003 0.453125
0 0.48583999999999994 0.379883 0.44726600000000005 0.379883 0.44726600000000005 0.535156 0.48583999999999994 0.535156 0.48583999999999994 0.379883
2 0.5087889999999999 0.41113299999999997 0.47656200000000004 0.41113299999999997 0.47656200000000004 0.49902300000000005 0.5087889999999999 0.49902300000000005 0.5087889999999999 0.41113299999999997
2 0.8808590000000001 0.41113299999999997 0.8310549999999999 0.41113299999999997 0.8310549999999999 0.45410199999999995 0.8808590000000001 0.45410199999999995 0.8808590000000001 0.41113299999999997
0 0.739746 0.408203 0.726562 0.408203 0.726562 0.488281 0.739746 0.488281 0.739746 0.408203
2 0.5805659999999999 0.42773399999999995 0.552734 0.42773399999999995 0.552734 0.46777300000000005 0.5805659999999999 0.46777300000000005 0.5805659999999999 0.42773399999999995