2 0.743652 0.9873049999999999 0.999023 0.9873049999999999 0.999023 0.341797 0.743652 0.341797 0.743652 0.9873049999999999
2 0.580078 0.6005860000000001 0.7143550000000001 0.6005860000000001 0.7143550000000001 0.380859 0.580078 0.380859 0.580078 0.6005860000000001
2 0.319336 0.580078 0.395508 0.580078 0.395508 0.385742 0.319336 0.385742 0.319336 0.580078
2 0.000488 0.8681639999999999 0.263672 0.8681639999999999 0.263672 0.192383 0.000488 0.192383 0.000488 0.8681639999999999
2 0.22363300000000003 0.662109 0.354004 0.662109 0.354004 0.348633 0.22363300000000003 0.348633 0.22363300000000003 0.662109
1 0.7768550000000001 0.556641 0.8330080000000001 0.556641 0.8330080000000001 0.41406200000000004 0.7768550000000001 0.41406200000000004 0.7768550000000001 0.556641
2 0.556641 0.527344 0.6005860000000001 0.527344 0.6005860000000001 0.40722699999999995 0.556641 0.40722699999999995 0.556641 0.527344
0 0.5068360000000001 0.486328 0.524902 0.486328 0.524902 0.388672 0.5068360000000001 0.388672 0.5068360000000001 0.486328
2 0.395996 0.507812 0.450195 0.507812 0.450195 0.40332 0.395996 0.40332 0.395996 0.507812
2 0.532227 0.48925799999999997 0.5625 0.48925799999999997 0.5625 0.410156 0.532227 0.410156 0.532227 0.48925799999999997
2 0.43457 0.488281 0.46337900000000004 0.488281 0.46337900000000004 0.40136700000000003 0.43457 0.40136700000000003 0.43457 0.488281
2 0.379883 0.527344 0.41943400000000003 0.527344 0.41943400000000003 0.40527300000000005 0.379883 0.40527300000000005 0.379883 0.527344
2 0.44824200000000003 0.47460899999999995 0.46728500000000006 0.47460899999999995 0.46728500000000006 0.402344 0.44824200000000003 0.402344 0.44824200000000003 0.47460899999999995
2 0.46386700000000003 0.44726600000000005 0.481445 0.44726600000000005 0.481445 0.402344 0.46386700000000003 0.402344 0.46386700000000003 0.44726600000000005
2 0.540527 0.49511700000000003 0.565918 0.49511700000000003 0.565918 0.410156 0.540527 0.410156 0.540527 0.49511700000000003
2 0.45458999999999994 0.453125 0.470703 0.453125 0.470703 0.40527300000000005 0.45458999999999994 0.40527300000000005 0.45458999999999994 0.453125