2 0.8940429999999999 0.384766 0.679688 0.384766 0.679688 0.679688 0.8940429999999999 0.679688 0.8940429999999999 0.384766
2 0.124023 0.44531200000000004 0.000488 0.44531200000000004 0.000488 0.737305 0.124023 0.737305 0.124023 0.44531200000000004
2 0.230957 0.450195 0.097168 0.450195 0.097168 0.657227 0.230957 0.657227 0.230957 0.450195
2 0.293945 0.459961 0.21337899999999999 0.459961 0.21337899999999999 0.601562 0.293945 0.601562 0.293945 0.459961
2 0.630859 0.43847699999999995 0.583008 0.43847699999999995 0.583008 0.5556639999999999 0.630859 0.5556639999999999 0.630859 0.43847699999999995
2 0.714844 0.41601600000000005 0.6450199999999999 0.41601600000000005 0.6450199999999999 0.615234 0.714844 0.615234 0.714844 0.41601600000000005
2 0.672363 0.425781 0.6137699999999999 0.425781 0.6137699999999999 0.577148 0.672363 0.577148 0.672363 0.425781
2 0.322266 0.433594 0.24462899999999999 0.433594 0.24462899999999999 0.576172 0.322266 0.576172 0.322266 0.433594
7 0.43457 0.349609 0.341309 0.349609 0.341309 0.536133 0.43457 0.536133 0.43457 0.349609
2 0.966797 0.433594 0.9028320000000001 0.433594 0.9028320000000001 0.50293 0.966797 0.50293 0.966797 0.433594
0 0.07421900000000001 0.413086 0.053710999999999995 0.413086 0.053710999999999995 0.45214800000000005 0.07421900000000001 0.45214800000000005 0.07421900000000001 0.413086
0 0.5180659999999999 0.44531200000000004 0.509277 0.44531200000000004 0.509277 0.49023399999999995 0.5180659999999999 0.49023399999999995 0.5180659999999999 0.44531200000000004
2 0.342285 0.464844 0.323242 0.464844 0.323242 0.49023399999999995 0.342285 0.49023399999999995 0.342285 0.464844