2 0.105957 0.679688 0.32031200000000004 0.679688 0.32031200000000004 0.384766 0.105957 0.384766 0.105957 0.679688
2 0.875977 0.737305 0.999512 0.737305 0.999512 0.44531200000000004 0.875977 0.44531200000000004 0.875977 0.737305
2 0.769043 0.657227 0.9028320000000001 0.657227 0.9028320000000001 0.450195 0.769043 0.450195 0.769043 0.657227
2 0.706055 0.601562 0.786621 0.601562 0.786621 0.459961 0.706055 0.459961 0.706055 0.601562
2 0.369141 0.5556639999999999 0.41699200000000003 0.5556639999999999 0.41699200000000003 0.43847699999999995 0.369141 0.43847699999999995 0.369141 0.5556639999999999
2 0.285156 0.615234 0.35497999999999996 0.615234 0.35497999999999996 0.41601600000000005 0.285156 0.41601600000000005 0.285156 0.615234
2 0.327637 0.577148 0.38622999999999996 0.577148 0.38622999999999996 0.425781 0.327637 0.425781 0.327637 0.577148
2 0.677734 0.576172 0.755371 0.576172 0.755371 0.433594 0.677734 0.433594 0.677734 0.576172
7 0.56543 0.536133 0.6586909999999999 0.536133 0.6586909999999999 0.349609 0.56543 0.349609 0.56543 0.536133
2 0.033202999999999996 0.50293 0.097168 0.50293 0.097168 0.433594 0.033202999999999996 0.433594 0.033202999999999996 0.50293
0 0.925781 0.45214800000000005 0.9462889999999999 0.45214800000000005 0.9462889999999999 0.413086 0.925781 0.413086 0.925781 0.45214800000000005
0 0.48193400000000003 0.49023399999999995 0.490723 0.49023399999999995 0.490723 0.44531200000000004 0.48193400000000003 0.44531200000000004 0.48193400000000003 0.49023399999999995
2 0.6577149999999999 0.49023399999999995 0.676758 0.49023399999999995 0.676758 0.464844 0.6577149999999999 0.464844 0.6577149999999999 0.49023399999999995