2 0.680176 0.503906 0.810547 0.503906 0.810547 0.358398 0.680176 0.358398 0.680176 0.503906
2 0.156738 0.511719 0.272461 0.511719 0.272461 0.37793 0.156738 0.37793 0.156738 0.511719
2 0.296387 0.44043 0.337891 0.44043 0.337891 0.386719 0.296387 0.386719 0.296387 0.44043
0 0.577148 0.457031 0.595703 0.457031 0.595703 0.375 0.577148 0.375 0.577148 0.457031
2 0.273926 0.4375 0.298828 0.4375 0.298828 0.399414 0.273926 0.399414 0.273926 0.4375
0 0.45410199999999995 0.43457 0.46777300000000005 0.43457 0.46777300000000005 0.37793 0.45410199999999995 0.37793 0.45410199999999995 0.43457
0 0.04834 0.457031 0.0625 0.457031 0.0625 0.389648 0.04834 0.389648 0.04834 0.457031
0 0.11377 0.50293 0.131836 0.50293 0.131836 0.385742 0.11377 0.385742 0.11377 0.50293
0 0.544922 0.44726600000000005 0.55957 0.44726600000000005 0.55957 0.380859 0.544922 0.380859 0.544922 0.44726600000000005
1 0.564453 0.46972699999999995 0.599121 0.46972699999999995 0.599121 0.40625 0.564453 0.40625 0.564453 0.46972699999999995
0 0.14355500000000002 0.46386700000000003 0.156738 0.46386700000000003 0.156738 0.388672 0.14355500000000002 0.388672 0.14355500000000002 0.46386700000000003