2 0.319824 0.358398 0.189453 0.358398 0.189453 0.503906 0.319824 0.503906 0.319824 0.358398
2 0.843262 0.37793 0.7275389999999999 0.37793 0.7275389999999999 0.511719 0.843262 0.511719 0.843262 0.37793
2 0.703613 0.386719 0.662109 0.386719 0.662109 0.44043 0.703613 0.44043 0.703613 0.386719
0 0.42285199999999995 0.375 0.404297 0.375 0.404297 0.457031 0.42285199999999995 0.457031 0.42285199999999995 0.375
2 0.726074 0.399414 0.701172 0.399414 0.701172 0.4375 0.726074 0.4375 0.726074 0.399414
0 0.545898 0.37793 0.532227 0.37793 0.532227 0.43457 0.545898 0.43457 0.545898 0.37793
0 0.9516600000000001 0.389648 0.9375 0.389648 0.9375 0.457031 0.9516600000000001 0.457031 0.9516600000000001 0.389648
0 0.88623 0.385742 0.8681639999999999 0.385742 0.8681639999999999 0.50293 0.88623 0.50293 0.88623 0.385742
0 0.455078 0.380859 0.44043 0.380859 0.44043 0.44726600000000005 0.455078 0.44726600000000005 0.455078 0.380859
1 0.435547 0.40625 0.40087900000000004 0.40625 0.40087900000000004 0.46972699999999995 0.435547 0.46972699999999995 0.435547 0.40625
0 0.8564450000000001 0.388672 0.843262 0.388672 0.843262 0.46386700000000003 0.8564450000000001 0.46386700000000003 0.8564450000000001 0.388672