2 0.757812 0.634766 0.9472659999999999 0.634766 0.9472659999999999 0.415039 0.757812 0.415039 0.757812 0.634766
2 1 0.40722699999999995 0.9389649999999999 0.40722699999999995 0.9389649999999999 0.697266 1 0.697266 1 0.40722699999999995
2 0.684082 0.570312 0.786133 0.570312 0.786133 0.399414 0.684082 0.399414 0.684082 0.570312
2 0.44238299999999997 0.481445 0.482422 0.481445 0.482422 0.410156 0.44238299999999997 0.410156 0.44238299999999997 0.481445
2 0.6235350000000001 0.533203 0.702637 0.533203 0.702637 0.389648 0.6235350000000001 0.389648 0.6235350000000001 0.533203
0 0.300781 0.48925799999999997 0.321289 0.48925799999999997 0.321289 0.381836 0.300781 0.381836 0.300781 0.48925799999999997
2 0.595703 0.510742 0.6318360000000001 0.510742 0.6318360000000001 0.40918 0.595703 0.40918 0.595703 0.510742
2 0.898438 0.507812 0.9716799999999999 0.507812 0.9716799999999999 0.42285199999999995 0.898438 0.42285199999999995 0.898438 0.507812
2 0.5297850000000001 0.46582 0.553223 0.46582 0.553223 0.410156 0.5297850000000001 0.410156 0.5297850000000001 0.46582
2 0.578613 0.491211 0.604492 0.491211 0.604492 0.415039 0.578613 0.415039 0.578613 0.491211
2 0.378906 0.45214800000000005 0.40087900000000004 0.45214800000000005 0.40087900000000004 0.42089800000000005 0.378906 0.42089800000000005 0.378906 0.45214800000000005
2 0.521484 0.45800799999999997 0.550781 0.45800799999999997 0.550781 0.40625 0.521484 0.40625 0.521484 0.45800799999999997
1 0.217773 0.511719 0.242188 0.511719 0.242188 0.435547 0.217773 0.435547 0.217773 0.511719
7 0.550293 0.482422 0.603516 0.482422 0.603516 0.378906 0.550293 0.378906 0.550293 0.482422