0 0.47412099999999996 0.40136700000000003 0.44238299999999997 0.40136700000000003 0.44238299999999997 0.533203 0.47412099999999996 0.533203 0.47412099999999996 0.40136700000000003
2 0.624512 0.43164100000000005 0.603516 0.43164100000000005 0.603516 0.46289100000000005 0.624512 0.46289100000000005 0.624512 0.43164100000000005
2 0.5400389999999999 0.42968799999999996 0.519531 0.42968799999999996 0.519531 0.480469 0.5400389999999999 0.480469 0.5400389999999999 0.42968799999999996
2 1 0.383789 0.9702149999999999 0.383789 0.9702149999999999 0.503906 1 0.503906 1 0.383789
2 0.583496 0.424805 0.5600590000000001 0.424805 0.5600590000000001 0.46582 0.583496 0.46582 0.583496 0.424805
2 0.5639649999999999 0.42773399999999995 0.539551 0.42773399999999995 0.539551 0.47168 0.5639649999999999 0.47168 0.5639649999999999 0.42773399999999995
7 0.999023 0.355469 0.8564450000000001 0.355469 0.8564450000000001 0.512695 0.999023 0.512695 0.999023 0.355469
2 0.662109 0.42089800000000005 0.6450199999999999 0.42089800000000005 0.6450199999999999 0.45410199999999995 0.662109 0.45410199999999995 0.662109 0.42089800000000005
2 0.643555 0.42968799999999996 0.6274409999999999 0.42968799999999996 0.6274409999999999 0.453125 0.643555 0.453125 0.643555 0.42968799999999996
2 0.518467 0.427559 0.485796 0.427559 0.485796 0.480117 0.518467 0.480117 0.518467 0.427559
2 0.6938920000000001 0.411934 0.664062 0.411934 0.664062 0.464492 0.6938920000000001 0.464492 0.6938920000000001 0.411934