2 0.847656 0.357422 0.641602 0.357422 0.641602 0.646484 0.847656 0.646484 0.847656 0.357422
2 0.681152 0.374023 0.5952149999999999 0.374023 0.5952149999999999 0.564453 0.681152 0.564453 0.681152 0.374023
0 0.328613 0.349609 0.30468799999999996 0.349609 0.30468799999999996 0.484375 0.328613 0.484375 0.328613 0.349609
2 0.46728500000000006 0.417969 0.42968799999999996 0.417969 0.42968799999999996 0.47168 0.46728500000000006 0.47168 0.46728500000000006 0.417969
2 0.493652 0.410156 0.464844 0.410156 0.464844 0.47363299999999997 0.493652 0.47363299999999997 0.493652 0.410156
2 0.628906 0.37207 0.5454100000000001 0.37207 0.5454100000000001 0.523438 0.628906 0.523438 0.628906 0.37207
2 0.5625 0.399414 0.524902 0.399414 0.524902 0.482422 0.5625 0.482422 0.5625 0.399414
2 0.43408199999999997 0.428711 0.410645 0.428711 0.410645 0.470703 0.43408199999999997 0.470703 0.43408199999999997 0.428711
2 0.398926 0.441406 0.370117 0.441406 0.370117 0.46777300000000005 0.398926 0.46777300000000005 0.398926 0.441406
2 0.554688 0.383789 0.487305 0.383789 0.487305 0.47656200000000004 0.554688 0.47656200000000004 0.554688 0.383789
7 0.385254 0.41406200000000004 0.35497999999999996 0.41406200000000004 0.35497999999999996 0.46582 0.385254 0.46582 0.385254 0.41406200000000004