2 0.78125 0.352539 0.48681599999999997 0.352539 0.48681599999999997 0.8222659999999999 0.78125 0.8222659999999999 0.78125 0.352539
2 1 0.390625 0.9121090000000001 0.390625 0.9121090000000001 0.704102 1 0.704102 1 0.390625
2 0.7700199999999999 0.381836 0.7387699999999999 0.381836 0.7387699999999999 0.43164100000000005 0.7700199999999999 0.43164100000000005 0.7700199999999999 0.381836
0 0.152832 0.37207 0.124512 0.37207 0.124512 0.491211 0.152832 0.491211 0.152832 0.37207
1 0.154785 0.423828 0.11865200000000001 0.423828 0.11865200000000001 0.504883 0.154785 0.504883 0.154785 0.423828
2 0.8847659999999999 0.371094 0.843262 0.371094 0.843262 0.44043 0.8847659999999999 0.44043 0.8847659999999999 0.371094
2 0.838379 0.37793 0.7944340000000001 0.37793 0.7944340000000001 0.44043 0.838379 0.44043 0.838379 0.37793
0 0.226562 0.397461 0.20605500000000002 0.397461 0.20605500000000002 0.477539 0.226562 0.477539 0.226562 0.397461
2 0.808105 0.379883 0.786621 0.379883 0.786621 0.43164100000000005 0.808105 0.43164100000000005 0.808105 0.379883
1 0.228516 0.428711 0.196777 0.428711 0.196777 0.48535199999999995 0.228516 0.48535199999999995 0.228516 0.428711
0 0.390137 0.395508 0.375 0.395508 0.375 0.487305 0.390137 0.487305 0.390137 0.395508