2 0.601562 0.390625 0.512207 0.390625 0.512207 0.543945 0.601562 0.543945 0.601562 0.390625
0 0.37939500000000004 0.355469 0.336914 0.355469 0.336914 0.587891 0.37939500000000004 0.587891 0.37939500000000004 0.355469
0 0.444336 0.354492 0.40527300000000005 0.354492 0.40527300000000005 0.564453 0.444336 0.564453 0.444336 0.354492
0 0.410156 0.370117 0.385254 0.370117 0.385254 0.503906 0.410156 0.503906 0.410156 0.370117
0 0.296875 0.383789 0.269531 0.383789 0.269531 0.533203 0.296875 0.533203 0.296875 0.383789
0 0.240234 0.370117 0.20019499999999998 0.370117 0.20019499999999998 0.539062 0.240234 0.539062 0.240234 0.370117
0 0.34033199999999997 0.371094 0.311523 0.371094 0.311523 0.53418 0.34033199999999997 0.53418 0.34033199999999997 0.371094
0 0.645508 0.369141 0.625 0.369141 0.625 0.477539 0.645508 0.477539 0.645508 0.369141
1 0.791992 0.42773399999999995 0.693848 0.42773399999999995 0.693848 0.626953 0.791992 0.626953 0.791992 0.42773399999999995
1 1 0.375977 0.932129 0.375977 0.932129 0.742188 1 0.742188 1 0.375977
1 0.9506840000000001 0.41113299999999997 0.875977 0.41113299999999997 0.875977 0.746094 0.9506840000000001 0.746094 0.9506840000000001 0.41113299999999997
1 0.441406 0.43847699999999995 0.410156 0.43847699999999995 0.410156 0.587891 0.441406 0.587891 0.441406 0.43847699999999995
1 0.372559 0.46093799999999996 0.341309 0.46093799999999996 0.341309 0.6005860000000001 0.372559 0.6005860000000001 0.372559 0.46093799999999996
0 0.625 0.393555 0.6118159999999999 0.393555 0.6118159999999999 0.464844 0.625 0.464844 0.625 0.393555
1 0.859375 0.46582 0.7680659999999999 0.46582 0.7680659999999999 0.710938 0.859375 0.710938 0.859375 0.46582
1 0.89502 0.44824200000000003 0.830078 0.44824200000000003 0.830078 0.7431639999999999 0.89502 0.7431639999999999 0.89502 0.44824200000000003