0 0.06152300000000001 0.78418 0.15918000000000002 0.78418 0.15918000000000002 0.258789 0.06152300000000001 0.258789 0.06152300000000001 0.78418
2 0.384766 0.539062 0.498047 0.539062 0.498047 0.396484 0.384766 0.396484 0.384766 0.539062
0 0.5424800000000001 0.728516 0.647949 0.728516 0.647949 0.334961 0.5424800000000001 0.334961 0.5424800000000001 0.728516
1 0.835938 0.7119139999999999 0.949219 0.7119139999999999 0.949219 0.417969 0.835938 0.417969 0.835938 0.7119139999999999
0 1 0.17480500000000002 0.9472659999999999 0.17480500000000002 0.9472659999999999 0.78418 1 0.78418 1 0.17480500000000002
0 0.805176 0.488281 0.8310549999999999 0.488281 0.8310549999999999 0.37793 0.805176 0.37793 0.805176 0.488281
1 0.786621 0.691406 0.897949 0.691406 0.897949 0.44043 0.786621 0.44043 0.786621 0.691406
1 0.6630860000000001 0.570312 0.717773 0.570312 0.717773 0.43261700000000003 0.6630860000000001 0.43261700000000003 0.6630860000000001 0.570312
0 0.7788090000000001 0.48339800000000005 0.8027340000000001 0.48339800000000005 0.8027340000000001 0.378906 0.7788090000000001 0.378906 0.7788090000000001 0.48339800000000005
1 0.189453 0.541992 0.222168 0.541992 0.222168 0.44043 0.189453 0.44043 0.189453 0.541992
1 0.241211 0.53418 0.296875 0.53418 0.296875 0.424805 0.241211 0.424805 0.241211 0.53418
1 0.000488 0.5224610000000001 0.0625 0.5224610000000001 0.0625 0.41210899999999995 0.000488 0.41210899999999995 0.000488 0.5224610000000001
1 0.149414 0.5400389999999999 0.180664 0.5400389999999999 0.180664 0.425781 0.149414 0.425781 0.149414 0.5400389999999999
1 0.7631840000000001 0.6474610000000001 0.8212889999999999 0.6474610000000001 0.8212889999999999 0.484375 0.7631840000000001 0.484375 0.7631840000000001 0.6474610000000001