0 0.938477 0.258789 0.8408200000000001 0.258789 0.8408200000000001 0.78418 0.938477 0.78418 0.938477 0.258789
2 0.615234 0.396484 0.501953 0.396484 0.501953 0.539062 0.615234 0.539062 0.615234 0.396484
0 0.45752 0.334961 0.352051 0.334961 0.352051 0.728516 0.45752 0.728516 0.45752 0.334961
1 0.16406199999999999 0.417969 0.050781 0.417969 0.050781 0.7119139999999999 0.16406199999999999 0.7119139999999999 0.16406199999999999 0.417969
0 0 0.78418 0.052734 0.78418 0.052734 0.17480500000000002 0 0.17480500000000002 0 0.78418
0 0.194824 0.37793 0.16894499999999998 0.37793 0.16894499999999998 0.488281 0.194824 0.488281 0.194824 0.37793
1 0.21337899999999999 0.44043 0.102051 0.44043 0.102051 0.691406 0.21337899999999999 0.691406 0.21337899999999999 0.44043
1 0.336914 0.43261700000000003 0.282227 0.43261700000000003 0.282227 0.570312 0.336914 0.570312 0.336914 0.43261700000000003
0 0.221191 0.378906 0.197266 0.378906 0.197266 0.48339800000000005 0.221191 0.48339800000000005 0.221191 0.378906
1 0.810547 0.44043 0.777832 0.44043 0.777832 0.541992 0.810547 0.541992 0.810547 0.44043
1 0.7587889999999999 0.424805 0.703125 0.424805 0.703125 0.53418 0.7587889999999999 0.53418 0.7587889999999999 0.424805
1 0.999512 0.41210899999999995 0.9375 0.41210899999999995 0.9375 0.5224610000000001 0.999512 0.5224610000000001 0.999512 0.41210899999999995
1 0.8505860000000001 0.425781 0.8193360000000001 0.425781 0.8193360000000001 0.5400389999999999 0.8505860000000001 0.5400389999999999 0.8505860000000001 0.425781
1 0.236816 0.484375 0.178711 0.484375 0.178711 0.6474610000000001 0.236816 0.6474610000000001 0.236816 0.484375