2 0.589844 0.510742 0.641113 0.510742 0.641113 0.42675799999999997 0.589844 0.42675799999999997 0.589844 0.510742
0 0.86377 0.621094 0.9077149999999999 0.621094 0.9077149999999999 0.419922 0.86377 0.419922 0.86377 0.621094
0 0.677246 0.549805 0.7119139999999999 0.549805 0.7119139999999999 0.388672 0.677246 0.388672 0.677246 0.549805
0 0.468262 0.513672 0.48681599999999997 0.513672 0.48681599999999997 0.402344 0.468262 0.402344 0.468262 0.513672
0 0.433594 0.515625 0.459473 0.515625 0.459473 0.396484 0.433594 0.396484 0.433594 0.515625
0 0.48681599999999997 0.510742 0.50293 0.510742 0.50293 0.41406200000000004 0.48681599999999997 0.41406200000000004 0.48681599999999997 0.510742
0 0.905762 0.65625 0.95752 0.65625 0.95752 0.391602 0.905762 0.391602 0.905762 0.65625
1 0.765625 0.630859 0.8110350000000001 0.630859 0.8110350000000001 0.470703 0.765625 0.470703 0.765625 0.630859
0 0.791016 0.629883 0.833496 0.629883 0.833496 0.397461 0.791016 0.397461 0.791016 0.629883
1 0.38720699999999997 0.521484 0.428223 0.521484 0.428223 0.42675799999999997 0.38720699999999997 0.42675799999999997 0.38720699999999997 0.521484
0 0.5327149999999999 0.5087889999999999 0.555176 0.5087889999999999 0.555176 0.399414 0.5327149999999999 0.399414 0.5327149999999999 0.5087889999999999
0 0.583008 0.491211 0.6005860000000001 0.491211 0.6005860000000001 0.408203 0.583008 0.408203 0.583008 0.491211
1 0.23291 0.5849610000000001 0.25781200000000004 0.5849610000000001 0.25781200000000004 0.487305 0.23291 0.487305 0.23291 0.5849610000000001
1 0.135254 0.576172 0.175293 0.576172 0.175293 0.421875 0.135254 0.421875 0.135254 0.576172
1 0.302246 0.554688 0.327148 0.554688 0.327148 0.46972699999999995 0.302246 0.46972699999999995 0.302246 0.554688
0 0.8159179999999999 0.625 0.8544919999999999 0.625 0.8544919999999999 0.394531 0.8159179999999999 0.394531 0.8159179999999999 0.625
1 0.35497999999999996 0.530273 0.399414 0.530273 0.399414 0.44726600000000005 0.35497999999999996 0.44726600000000005 0.35497999999999996 0.530273
1 0.681152 0.564453 0.705078 0.564453 0.705078 0.455078 0.681152 0.455078 0.681152 0.564453
1 0.649902 0.5087889999999999 0.662109 0.5087889999999999 0.662109 0.44043 0.649902 0.44043 0.649902 0.5087889999999999
1 0.234375 0.579102 0.291016 0.579102 0.291016 0.42285199999999995 0.234375 0.42285199999999995 0.234375 0.579102
0 0.649902 0.5087889999999999 0.662598 0.5087889999999999 0.662598 0.435547 0.649902 0.435547 0.649902 0.5087889999999999