0 0.027344 0.566406 0.06640599999999999 0.566406 0.06640599999999999 0.319336 0.027344 0.319336 0.027344 0.566406
1 0.144043 0.660156 0.20800800000000003 0.660156 0.20800800000000003 0.42773399999999995 0.144043 0.42773399999999995 0.144043 0.660156
0 0.341309 0.525391 0.375977 0.525391 0.375977 0.359375 0.341309 0.359375 0.341309 0.525391
0 0.48535199999999995 0.5224610000000001 0.515137 0.5224610000000001 0.515137 0.368164 0.48535199999999995 0.368164 0.48535199999999995 0.5224610000000001
0 0.390625 0.523438 0.41943400000000003 0.523438 0.41943400000000003 0.366211 0.390625 0.366211 0.390625 0.523438
0 0.515625 0.519531 0.539062 0.519531 0.539062 0.368164 0.515625 0.368164 0.515625 0.519531
0 0.323242 0.520508 0.349609 0.520508 0.349609 0.356445 0.323242 0.356445 0.323242 0.520508
0 0.414551 0.516602 0.4375 0.516602 0.4375 0.352539 0.414551 0.352539 0.414551 0.516602
0 0.5483399999999999 0.517578 0.573242 0.517578 0.573242 0.36718799999999996 0.5483399999999999 0.36718799999999996 0.5483399999999999 0.517578
0 0.44824200000000003 0.520508 0.47168 0.520508 0.47168 0.385742 0.44824200000000003 0.385742 0.44824200000000003 0.520508
1 0 0.710938 0.043457 0.710938 0.043457 0.482422 0 0.482422 0 0.710938
1 0.22900399999999999 0.533203 0.26709 0.533203 0.26709 0.399414 0.22900399999999999 0.399414 0.22900399999999999 0.533203
1 0.9516600000000001 0.5693360000000001 0.998047 0.5693360000000001 0.998047 0.419922 0.9516600000000001 0.419922 0.9516600000000001 0.5693360000000001
0 0.692871 0.481445 0.7055659999999999 0.481445 0.7055659999999999 0.413086 0.692871 0.413086 0.692871 0.481445