2 0.370117 0.417969 0.21337899999999999 0.417969 0.21337899999999999 0.62207 0.370117 0.62207 0.370117 0.417969
0 0.9038090000000001 0.322266 0.859863 0.322266 0.859863 0.597656 0.9038090000000001 0.597656 0.9038090000000001 0.322266
0 0.081055 0.358398 0.008301 0.358398 0.008301 0.71582 0.081055 0.71582 0.081055 0.358398
2 0.40527300000000005 0.391602 0.30810499999999996 0.391602 0.30810499999999996 0.554688 0.40527300000000005 0.554688 0.40527300000000005 0.391602
1 0.827148 0.410156 0.743652 0.410156 0.743652 0.56543 0.827148 0.56543 0.827148 0.410156
2 0.439453 0.396484 0.413574 0.396484 0.413574 0.484375 0.439453 0.484375 0.439453 0.396484
1 0.706055 0.418945 0.6650389999999999 0.418945 0.6650389999999999 0.525391 0.706055 0.525391 0.706055 0.418945
1 0.142578 0.456055 0.086914 0.456055 0.086914 0.625 0.142578 0.625 0.142578 0.456055
0 0.542969 0.383789 0.527344 0.383789 0.527344 0.46582 0.542969 0.46582 0.542969 0.383789
2 0.419922 0.384766 0.363281 0.384766 0.363281 0.5244139999999999 0.419922 0.5244139999999999 0.419922 0.384766
0 0.557129 0.390625 0.541992 0.390625 0.541992 0.46582 0.557129 0.46582 0.557129 0.390625
1 0 0.689453 0.033202999999999996 0.689453 0.033202999999999996 0.530273 0 0.530273 0 0.689453