2 0.665527 0.748047 0.97998 0.748047 0.97998 0.330078 0.665527 0.330078 0.665527 0.748047
0 0.49755900000000003 0.49511700000000003 0.519043 0.49511700000000003 0.519043 0.371094 0.49755900000000003 0.371094 0.49755900000000003 0.49511700000000003
0 0.552734 0.47460899999999995 0.567383 0.47460899999999995 0.567383 0.396484 0.552734 0.396484 0.552734 0.47460899999999995
0 0.691406 0.43652300000000005 0.71582 0.43652300000000005 0.71582 0.366211 0.691406 0.366211 0.691406 0.43652300000000005
0 0.5336909999999999 0.472656 0.544922 0.472656 0.544922 0.396484 0.5336909999999999 0.396484 0.5336909999999999 0.472656
0 0.5795899999999999 0.472656 0.5922850000000001 0.472656 0.5922850000000001 0.396484 0.5795899999999999 0.396484 0.5795899999999999 0.472656
2 0.361816 0.46582 0.428223 0.46582 0.428223 0.392578 0.361816 0.392578 0.361816 0.46582
0 0.591797 0.47656200000000004 0.610352 0.47656200000000004 0.610352 0.399414 0.591797 0.399414 0.591797 0.47656200000000004
2 0.41113299999999997 0.46582 0.43896499999999994 0.46582 0.43896499999999994 0.39843799999999996 0.41113299999999997 0.39843799999999996 0.41113299999999997 0.46582
1 0.5 0.50293 0.516113 0.50293 0.516113 0.421875 0.5 0.421875 0.5 0.50293
0 0.567871 0.46875 0.579102 0.46875 0.579102 0.397461 0.567871 0.397461 0.567871 0.46875
1 0.279785 0.5244139999999999 0.307129 0.5244139999999999 0.307129 0.40039100000000005 0.279785 0.40039100000000005 0.279785 0.5244139999999999