2 0.334473 0.330078 0.02002 0.330078 0.02002 0.748047 0.334473 0.748047 0.334473 0.330078
0 0.5024409999999999 0.371094 0.48095699999999997 0.371094 0.48095699999999997 0.49511700000000003 0.5024409999999999 0.49511700000000003 0.5024409999999999 0.371094
0 0.44726600000000005 0.396484 0.43261700000000003 0.396484 0.43261700000000003 0.47460899999999995 0.44726600000000005 0.47460899999999995 0.44726600000000005 0.396484
0 0.308594 0.366211 0.28418 0.366211 0.28418 0.43652300000000005 0.308594 0.43652300000000005 0.308594 0.366211
0 0.46630900000000003 0.396484 0.455078 0.396484 0.455078 0.472656 0.46630900000000003 0.472656 0.46630900000000003 0.396484
0 0.42041000000000006 0.396484 0.40771499999999994 0.396484 0.40771499999999994 0.472656 0.42041000000000006 0.472656 0.42041000000000006 0.396484
2 0.6381840000000001 0.392578 0.571777 0.392578 0.571777 0.46582 0.6381840000000001 0.46582 0.6381840000000001 0.392578
0 0.408203 0.399414 0.389648 0.399414 0.389648 0.47656200000000004 0.408203 0.47656200000000004 0.408203 0.399414
2 0.588867 0.39843799999999996 0.5610350000000001 0.39843799999999996 0.5610350000000001 0.46582 0.588867 0.46582 0.588867 0.39843799999999996
1 0.5 0.421875 0.483887 0.421875 0.483887 0.50293 0.5 0.50293 0.5 0.421875
0 0.43212900000000004 0.397461 0.42089800000000005 0.397461 0.42089800000000005 0.46875 0.43212900000000004 0.46875 0.43212900000000004 0.397461
1 0.7202149999999999 0.40039100000000005 0.692871 0.40039100000000005 0.692871 0.5244139999999999 0.7202149999999999 0.5244139999999999 0.7202149999999999 0.40039100000000005