2 0.967773 0.408203 0.744629 0.408203 0.744629 0.651367 0.967773 0.651367 0.967773 0.408203
2 0.779297 0.410156 0.6743159999999999 0.410156 0.6743159999999999 0.566406 0.779297 0.566406 0.779297 0.410156
2 0.5444340000000001 0.399414 0.48681599999999997 0.399414 0.48681599999999997 0.496094 0.5444340000000001 0.496094 0.5444340000000001 0.399414
2 0.999512 0.446289 0.875488 0.446289 0.875488 0.770508 0.999512 0.770508 0.999512 0.446289
2 0.6962889999999999 0.41210899999999995 0.641602 0.41210899999999995 0.641602 0.533203 0.6962889999999999 0.533203 0.6962889999999999 0.41210899999999995
0 0.9560549999999999 0.352539 0.913574 0.352539 0.913574 0.43847699999999995 0.9560549999999999 0.43847699999999995 0.9560549999999999 0.352539
0 0.911621 0.360352 0.876953 0.360352 0.876953 0.415039 0.911621 0.415039 0.911621 0.360352
2 0.621582 0.41113299999999997 0.59082 0.41113299999999997 0.59082 0.48339800000000005 0.621582 0.48339800000000005 0.621582 0.41113299999999997
2 0.600098 0.413086 0.578125 0.413086 0.578125 0.47168 0.600098 0.47168 0.600098 0.413086
2 0.65625 0.419922 0.62793 0.419922 0.62793 0.516602 0.65625 0.516602 0.65625 0.419922
2 0.641602 0.41601600000000005 0.605469 0.41601600000000005 0.605469 0.49414100000000005 0.641602 0.49414100000000005 0.641602 0.41601600000000005
2 0.587402 0.40918 0.568848 0.40918 0.568848 0.46289100000000005 0.587402 0.46289100000000005 0.587402 0.40918