2 0.032227 0.651367 0.255371 0.651367 0.255371 0.408203 0.032227 0.408203 0.032227 0.651367
2 0.220703 0.566406 0.325684 0.566406 0.325684 0.410156 0.220703 0.410156 0.220703 0.566406
2 0.45556599999999997 0.496094 0.5131840000000001 0.496094 0.5131840000000001 0.399414 0.45556599999999997 0.399414 0.45556599999999997 0.496094
2 0.000488 0.770508 0.124512 0.770508 0.124512 0.446289 0.000488 0.446289 0.000488 0.770508
2 0.303711 0.533203 0.358398 0.533203 0.358398 0.41210899999999995 0.303711 0.41210899999999995 0.303711 0.533203
0 0.043945 0.43847699999999995 0.086426 0.43847699999999995 0.086426 0.352539 0.043945 0.352539 0.043945 0.43847699999999995
0 0.088379 0.415039 0.12304699999999999 0.415039 0.12304699999999999 0.360352 0.088379 0.360352 0.088379 0.415039
2 0.37841800000000003 0.48339800000000005 0.40918 0.48339800000000005 0.40918 0.41113299999999997 0.37841800000000003 0.41113299999999997 0.37841800000000003 0.48339800000000005
2 0.399902 0.47168 0.421875 0.47168 0.421875 0.413086 0.399902 0.413086 0.399902 0.47168
2 0.34375 0.516602 0.37207 0.516602 0.37207 0.419922 0.34375 0.419922 0.34375 0.516602
2 0.358398 0.49414100000000005 0.394531 0.49414100000000005 0.394531 0.41601600000000005 0.358398 0.41601600000000005 0.358398 0.49414100000000005
2 0.412598 0.46289100000000005 0.431152 0.46289100000000005 0.431152 0.40918 0.412598 0.40918 0.412598 0.46289100000000005