1 0 0.608398 0.036621 0.608398 0.036621 0.390625 0 0.390625 0 0.608398
0 0.096191 0.568359 0.129883 0.568359 0.129883 0.34082 0.096191 0.34082 0.096191 0.568359
1 0.000488 0.608398 0.037108999999999996 0.608398 0.037108999999999996 0.48535199999999995 0.000488 0.48535199999999995 0.000488 0.608398
0 0.820312 0.44238299999999997 0.858887 0.44238299999999997 0.858887 0.305664 0.820312 0.305664 0.820312 0.44238299999999997
1 0.046387 0.68457 0.24169900000000002 0.68457 0.24169900000000002 0.456055 0.046387 0.456055 0.046387 0.68457
0 0.77832 0.581055 0.8564450000000001 0.581055 0.8564450000000001 0.321289 0.77832 0.321289 0.77832 0.581055
0 0.7075199999999999 0.587891 0.753906 0.587891 0.753906 0.357422 0.7075199999999999 0.357422 0.7075199999999999 0.587891
1 0.384277 0.617188 0.530762 0.617188 0.530762 0.449219 0.384277 0.449219 0.384277 0.617188
0 0.252441 0.43164100000000005 0.28418 0.43164100000000005 0.28418 0.326172 0.252441 0.326172 0.252441 0.43164100000000005
0 0.560547 0.605469 0.615723 0.605469 0.615723 0.326172 0.560547 0.326172 0.560547 0.605469
0 0.10790999999999999 0.667969 0.18310500000000002 0.667969 0.18310500000000002 0.307617 0.10790999999999999 0.307617 0.10790999999999999 0.667969
0 0.43457 0.577148 0.49658199999999997 0.577148 0.49658199999999997 0.305664 0.43457 0.305664 0.43457 0.577148
1 0.739258 0.658203 0.905273 0.658203 0.905273 0.43261700000000003 0.739258 0.43261700000000003 0.739258 0.658203
0 0.20800800000000003 0.613281 0.280762 0.613281 0.280762 0.30957 0.20800800000000003 0.30957 0.20800800000000003 0.613281
0 0.518555 0.573242 0.558594 0.573242 0.558594 0.362305 0.518555 0.362305 0.518555 0.573242
1 0.20459 0.626953 0.34082 0.626953 0.34082 0.421875 0.20459 0.421875 0.20459 0.626953
0 0.170898 0.507812 0.205078 0.507812 0.205078 0.338867 0.170898 0.338867 0.170898 0.507812
2 0.638672 0.518555 0.6875 0.518555 0.6875 0.413086 0.638672 0.413086 0.638672 0.518555
2 0.6743159999999999 0.539062 0.782227 0.539062 0.782227 0.40625 0.6743159999999999 0.40625 0.6743159999999999 0.539062