1 1 0.390625 0.963379 0.390625 0.963379 0.608398 1 0.608398 1 0.390625
0 0.9038090000000001 0.34082 0.8701169999999999 0.34082 0.8701169999999999 0.568359 0.9038090000000001 0.568359 0.9038090000000001 0.34082
1 0.999512 0.48535199999999995 0.9628909999999999 0.48535199999999995 0.9628909999999999 0.608398 0.999512 0.608398 0.999512 0.48535199999999995
0 0.17968800000000001 0.305664 0.141113 0.305664 0.141113 0.44238299999999997 0.17968800000000001 0.44238299999999997 0.17968800000000001 0.305664
1 0.953613 0.456055 0.758301 0.456055 0.758301 0.68457 0.953613 0.68457 0.953613 0.456055
0 0.22168000000000002 0.321289 0.14355500000000002 0.321289 0.14355500000000002 0.581055 0.22168000000000002 0.581055 0.22168000000000002 0.321289
0 0.29247999999999996 0.357422 0.24609399999999998 0.357422 0.24609399999999998 0.587891 0.29247999999999996 0.587891 0.29247999999999996 0.357422
1 0.615723 0.449219 0.469238 0.449219 0.469238 0.617188 0.615723 0.617188 0.615723 0.449219
0 0.7475590000000001 0.326172 0.71582 0.326172 0.71582 0.43164100000000005 0.7475590000000001 0.43164100000000005 0.7475590000000001 0.326172
0 0.439453 0.326172 0.384277 0.326172 0.384277 0.605469 0.439453 0.605469 0.439453 0.326172
0 0.8920899999999999 0.307617 0.816895 0.307617 0.816895 0.667969 0.8920899999999999 0.667969 0.8920899999999999 0.307617
0 0.56543 0.305664 0.503418 0.305664 0.503418 0.577148 0.56543 0.577148 0.56543 0.305664
1 0.260742 0.43261700000000003 0.09472699999999999 0.43261700000000003 0.09472699999999999 0.658203 0.260742 0.658203 0.260742 0.43261700000000003
0 0.791992 0.30957 0.719238 0.30957 0.719238 0.613281 0.791992 0.613281 0.791992 0.30957
0 0.481445 0.362305 0.441406 0.362305 0.441406 0.573242 0.481445 0.573242 0.481445 0.362305
1 0.7954100000000001 0.421875 0.65918 0.421875 0.65918 0.626953 0.7954100000000001 0.626953 0.7954100000000001 0.421875
0 0.829102 0.338867 0.794922 0.338867 0.794922 0.507812 0.829102 0.507812 0.829102 0.338867
2 0.361328 0.413086 0.3125 0.413086 0.3125 0.518555 0.361328 0.518555 0.361328 0.413086
2 0.325684 0.40625 0.217773 0.40625 0.217773 0.539062 0.325684 0.539062 0.325684 0.40625