1 0.802246 0.385742 0.720703 0.385742 0.720703 0.5 0.802246 0.5 0.802246 0.385742
1 0.5693360000000001 0.40136700000000003 0.492676 0.40136700000000003 0.492676 0.46289100000000005 0.5693360000000001 0.46289100000000005 0.5693360000000001 0.40136700000000003
0 0.8388669999999999 0.374023 0.820801 0.374023 0.820801 0.46386700000000003 0.8388669999999999 0.46386700000000003 0.8388669999999999 0.374023
1 0.338867 0.40136700000000003 0.28418 0.40136700000000003 0.28418 0.493164 0.338867 0.493164 0.338867 0.40136700000000003
0 0.8920899999999999 0.376953 0.8779299999999999 0.376953 0.8779299999999999 0.459961 0.8920899999999999 0.459961 0.8920899999999999 0.376953
1 0.634277 0.408203 0.608398 0.408203 0.608398 0.449219 0.634277 0.449219 0.634277 0.408203
1 0.49902300000000005 0.396484 0.42773399999999995 0.396484 0.42773399999999995 0.455078 0.49902300000000005 0.455078 0.49902300000000005 0.396484
1 0.428711 0.41699200000000003 0.40478500000000006 0.41699200000000003 0.40478500000000006 0.455078 0.428711 0.455078 0.428711 0.41699200000000003
1 0.40722699999999995 0.40136700000000003 0.35791 0.40136700000000003 0.35791 0.46093799999999996 0.40722699999999995 0.46093799999999996 0.40722699999999995 0.40136700000000003
1 1 0.37793 0.983398 0.37793 0.983398 0.46093799999999996 1 0.46093799999999996 1 0.37793
2 0.21358899999999997 0.433643 0.17699199999999998 0.433643 0.17699199999999998 0.48470700000000005 0.21358899999999997 0.48470700000000005 0.21358899999999997 0.433643
1 0.614438 0.41151400000000005 0.584653 0.41151400000000005 0.584653 0.448965 0.614438 0.448965 0.614438 0.41151400000000005